<<<<<<< HEAD
Victim Sector, Interf. Sector, Mean, Std
0 4 31.06 10.5 
1 2 53.28 10.5 
1 3 48.93 10.5 
1 5 46.1 10.5 
1 6 48.29 10.5 
1 9 18 10.5 
1 10 13.46 10.5 
1 11 18.17 8.3 
2 3 18.84 10.5 
2 1 14.98 12.47 
2 5 42.16 10.5 
2 6 43.07 10.5 
2 9 46.75 10.5 
2 10 13.26 9.95 
2 11 45.14 10.5
3 0 59.29 15 
3 2 50.38 10.5 
3 1 50.74 10.5 
3 5 48.05 11.78 
3 6 43.69 10.5 
3 9 47.84 10.5 
3 10 52.55 10.5 
3 11 47.3 10.5
4 8 47.61 10.5 
4 7 48.38 10.5 
4 0 21.47 10.5 
4 1 36.1 10.5 
4 11 23.02 10.5 
5 2 52.55 10.5 
5 3 47.84 10.5 
5 1 49.47 10.5 
5 6 34.23 8.48 
5 9 19.53 15 
5 10 40.21 13.09 
5 11 38.22 8 
6 2 45 9.65 
6 3 59.54 15 
6 1 6.39494e-036 6.39495e-036 
6 5 10.5 54 
6 9 10.5 54 
6 10 10.5 56.9 
6 11 10.5 54 
7 8 40.11 15 
7 4 45.48 10.5 
8 7 44.26 10.5 
8 4 47.98 10.5 
8 11 10.5 39.82
9 2 48.66 10.5 
9 3 30.33 10.5 
9 1 54 10.5 
9 5 48.57 10.5 
9 6 42.33 10.5 
9 10 46.2 8.69 
9 11 11.3 9.29 
10 2 59.67 15 
10 3 50.38 10.5 
10 1 47.91 10.53 
10 5 50.92 10.5 
10 9 48.75 10.5 
10 11 48.38 10.5 
11 2 56.9 10.5 
11 3 53.4 11.59 
11 1 3.30614e-039 3.30613e-039 
11 5 6.39487e-036 6.58298e-036 
11 6 10.5 56.9 
11 9 10.5 51.28 
=======
Victim Sector, Interf. Sector, Mean, Std
0 4 31.06 10.5 
1 2 53.28 10.5 
1 3 48.93 10.5 
1 5 46.1 10.5 
1 6 48.29 10.5 
1 9 18 10.5 
1 10 13.46 10.5 
1 11 18.17 8.3 
2 3 18.84 10.5 
2 1 14.98 12.47 
2 5 42.16 10.5 
2 6 43.07 10.5 
2 9 46.75 10.5 
2 10 13.26 9.95 
2 11 45.14 10.5
3 0 59.29 15 
3 2 50.38 10.5 
3 1 50.74 10.5 
3 5 48.05 11.78 
3 6 43.69 10.5 
3 9 47.84 10.5 
3 10 52.55 10.5 
3 11 47.3 10.5
4 8 47.61 10.5 
4 7 48.38 10.5 
4 0 21.47 10.5 
4 1 36.1 10.5 
4 11 23.02 10.5 
5 2 52.55 10.5 
5 3 47.84 10.5 
5 1 49.47 10.5 
5 6 34.23 8.48 
5 9 19.53 15 
5 10 40.21 13.09 
5 11 38.22 8 
6 2 45 9.65 
6 3 59.54 15 
6 1 6.39494e-036 6.39495e-036 
6 5 10.5 54 
6 9 10.5 54 
6 10 10.5 56.9 
6 11 10.5 54 
7 8 40.11 15 
7 4 45.48 10.5 
8 7 44.26 10.5 
8 4 47.98 10.5 
8 11 10.5 39.82
9 2 48.66 10.5 
9 3 30.33 10.5 
9 1 54 10.5 
9 5 48.57 10.5 
9 6 42.33 10.5 
9 10 46.2 8.69 
9 11 11.3 9.29 
10 2 59.67 15 
10 3 50.38 10.5 
10 1 47.91 10.53 
10 5 50.92 10.5 
10 9 48.75 10.5 
10 11 48.38 10.5 
11 2 56.9 10.5 
11 3 53.4 11.59 
11 1 3.30614e-039 3.30613e-039 
11 5 6.39487e-036 6.58298e-036 
11 6 10.5 56.9 
11 9 10.5 51.28 
>>>>>>> 0514ea9fae0f841576757defb02235a9189b0fad
11 10 10.5 54 