<<<<<<< HEAD
TRX ID, Type, Sector, Site, Number of Valid Frequencies, List of Valid Frequencies
0 BCCH 8 1 6 588 589 590 591 592 593  
1 BCCH 7 1 8 588 589 590 591 592 593 594 595  
2 BCCH 1 0 8 588 589 590 591 592 593 594 595  
3 BCCH 5 0 5 588 589 590 591 592   
4 BCCH 6 0 8 588 589 590 591 592 593 594 595  
5 BCCH 2 2 8 588 589 590 591 592 593 594 595 
6 BCCH 3 2 6 588 589 590 591 592 593   
7 BCCH 9 3 8 588 589 590 591 592 593 594 595 
8 BCCH 10 3 8 588 589 590 591 592 593 594 595 
9 BCCH 11 3 8 588 589 590 591 592 593 594 595
10 BCCH 0 4 4 588 589 590 591
=======
TRX ID, Type, Sector, Site, Number of Valid Frequencies, List of Valid Frequencies
0 BCCH 8 1 6 588 589 590 591 592 593  
1 BCCH 7 1 8 588 589 590 591 592 593 594 595  
2 BCCH 1 0 8 588 589 590 591 592 593 594 595  
3 BCCH 5 0 5 588 589 590 591 592   
4 BCCH 6 0 8 588 589 590 591 592 593 594 595  
5 BCCH 2 2 8 588 589 590 591 592 593 594 595 
6 BCCH 3 2 6 588 589 590 591 592 593   
7 BCCH 9 3 8 588 589 590 591 592 593 594 595 
8 BCCH 10 3 8 588 589 590 591 592 593 594 595 
9 BCCH 11 3 8 588 589 590 591 592 593 594 595
10 BCCH 0 4 4 588 589 590 591
>>>>>>> 0514ea9fae0f841576757defb02235a9189b0fad
11 BCCH 4 4 8 588 589 590 591 592 593 594 595