<<<<<<< HEAD
Site ID, Channel separation constraint, Number of Sectors, List of Sectors IDs
1 2 3 0 1 2 
2 2 3 3 4 5 
3 2 2 6 7 
4 2 2 8 9 
5 2 3 10 11 12 
6 2 2 13 14 
7 2 2 15 16 
8 2 3 17 18 19 
9 2 2 20 21 
10 2 3 22 23 24 
11 2 2 25 26 
12 2 2 27 28 
13 2 3 29 30 31 
14 2 3 32 33 34 
15 2 3 35 36 37 
16 2 3 38 39 40 
17 2 2 41 42 
19 2 3 43 44 45 
21 2 3 46 47 48 
22 2 2 49 50 
23 2 3 51 52 53 
24 2 3 54 55 56 
25 2 2 57 58 
26 2 2 59 60 
27 2 2 61 62 
28 2 2 63 64 
29 2 2 65 66 
32 2 2 67 68 
33 2 3 69 70 71 
34 2 2 72 73 
35 2 2 74 75 
36 2 3 76 77 78 
37 2 2 79 80 
39 2 3 81 82 83 
40 2 2 84 85 
41 2 2 86 87 
42 2 2 88 89 
43 2 2 90 91 
44 2 2 92 93 
46 2 2 94 95 
47 2 2 96 97 
48 2 3 98 99 100 
49 2 2 101 102 
51 2 2 103 104 
52 2 3 105 106 107 
53 2 2 108 109 
54 2 2 110 111 
55 2 2 112 113 
56 2 2 114 115 
58 2 2 116 117 
59 2 3 118 119 120 
61 2 3 121 122 123 
62 2 2 124 125 
65 2 2 126 127 
68 2 2 128 129 
70 2 3 130 131 132 
71 2 2 133 134 
72 2 2 135 136 
73 2 2 137 138 
74 2 3 139 140 141 
75 2 2 142 143 
77 2 3 144 145 146 
79 2 3 147 148 149 
80 2 3 150 151 152 
84 2 3 153 154 155 
87 2 3 156 157 158 
88 2 2 159 160 
89 2 3 161 162 163 
90 2 3 164 165 166 
91 2 3 167 168 169 
92 2 3 170 171 172 
93 2 2 173 174 
94 2 2 175 176 
95 2 3 177 178 179 
96 2 3 180 181 182 
97 2 3 183 184 185 
98 2 2 186 187 
99 2 3 188 189 190 
100 2 3 191 192 193 
101 2 3 194 195 196 
102 2 3 197 198 199 
104 2 3 200 201 202 
105 2 1 203 
106 2 3 204 205 206 
107 2 2 207 208 
108 2 2 209 210 
109 2 3 211 212 213 
110 2 2 214 215 
111 2 2 216 217 
112 2 2 218 219 
113 2 3 220 221 222 
114 2 2 223 224 
115 2 3 225 226 227 
116 2 2 228 229 
117 2 3 230 231 232 
118 2 1 233 
119 2 3 234 235 236 
120 2 3 237 238 239 
122 2 3 240 241 242 
124 2 1 243 
125 2 3 244 245 246 
126 2 3 247 248 249 
127 2 3 250 251 252 
129 2 2 253 254 
130 2 2 255 256 
131 2 3 257 258 259 
132 2 3 260 261 262 
133 2 2 263 264 
134 2 1 265 
135 2 2 266 267 
136 2 2 268 269 
137 2 2 270 271 
138 2 1 272 
139 2 2 273 274 
141 2 2 275 276 
143 2 3 277 278 279 
144 2 2 280 281 
145 2 2 282 283 
146 2 2 284 285 
147 2 3 286 287 288 
148 2 3 289 290 291 
149 2 2 292 293 
150 2 3 294 295 296 
151 2 3 297 298 299 
152 2 3 300 301 302 
153 2 3 303 304 305 
154 2 1 306 
155 2 1 307 
156 2 3 308 309 310 
157 2 2 311 312 
158 2 1 313 
159 2 2 314 315 
160 2 3 316 317 318 
161 2 1 319 
163 2 2 320 321 
164 2 3 322 323 324 
165 2 3 325 326 327 
166 2 2 328 329 
167 2 2 330 331 
168 2 2 332 333 
169 2 2 334 335 
170 2 3 336 337 338 
171 2 3 339 340 341 
172 2 2 342 343 
173 2 1 344 
174 2 3 345 346 347 
175 2 3 348 349 350 
176 2 3 351 352 353 
177 2 3 354 355 356 
178 2 3 357 358 359 
179 2 3 360 361 362 
180 2 3 363 364 365 
181 2 3 366 367 368 
182 2 2 369 370 
183 2 3 371 372 373 
185 2 3 374 375 376 
186 2 1 377 
187 2 3 378 379 380 
188 2 2 381 382 
189 2 2 383 384 
190 2 2 385 386 
191 2 2 387 388 
192 2 2 389 390 
193 2 3 391 392 393 
194 2 2 394 395 
195 2 2 396 397 
196 2 2 398 399 
197 2 1 400 
198 2 3 401 402 403 
199 2 3 404 405 406 
200 2 3 407 408 409 
201 2 3 410 411 412 
203 2 1 413 
204 2 2 414 415 
205 2 2 416 417 
206 2 2 418 419 
208 2 3 420 421 422 
209 2 3 423 424 425 
210 2 3 426 427 428 
211 2 2 429 430 
215 2 3 431 432 433 
216 2 3 434 435 436 
217 2 3 437 438 439 
218 2 3 440 441 442 
219 2 2 443 444 
220 2 3 445 446 447 
221 2 3 448 449 450 
223 2 3 451 452 453 
224 2 2 454 455 
225 2 3 456 457 458 
226 2 3 459 460 461 
227 2 3 462 463 464 
228 2 3 465 466 467 
229 2 2 468 469 
231 2 3 470 471 472 
232 2 3 473 474 475 
233 2 3 476 477 478 
235 2 3 479 480 481 
236 2 3 482 483 484 
237 2 2 485 486 
238 2 1 487 
239 2 2 488 489 
240 2 3 490 491 492 
241 2 3 493 494 495 
242 2 2 496 497 
243 2 3 498 499 500 
244 2 1 501 
245 2 1 502 
246 2 3 503 504 505 
247 2 1 506 
249 2 3 507 508 509 
250 2 3 510 511 512 
251 2 2 513 514 
252 2 2 515 516 
253 2 2 517 518 
254 2 3 519 520 521 
255 2 2 522 523 
256 2 3 524 525 526 
257 2 2 527 528 
259 2 3 529 530 531 
260 2 3 532 533 534 
261 2 3 535 536 537 
262 2 3 538 539 540 
263 2 3 541 542 543 
264 2 3 544 545 546 
265 2 3 547 548 549 
266 2 3 550 551 552 
267 2 3 553 554 555 
268 2 2 556 557 
269 2 3 558 559 560 
270 2 3 561 562 563 
271 2 2 564 565 
272 2 1 566 
273 2 3 567 568 569 
274 2 3 570 571 572 
275 2 3 573 574 575 
276 2 3 576 577 578 
277 2 2 579 580 
278 2 2 581 582 
279 2 2 583 584 
280 2 2 585 586 
282 2 3 587 588 589 
283 2 3 590 591 592 
284 2 3 593 594 595 
285 2 3 596 597 598 
286 2 3 599 600 601 
287 2 2 602 603 
288 2 3 604 605 606 
289 2 3 607 608 609 
290 2 1 610 
291 2 3 611 612 613 
292 2 3 614 615 616 
293 2 1 617 
294 2 2 618 619 
295 2 2 620 621 
296 2 2 622 623 
297 2 3 624 625 626 
298 2 3 627 628 629 
299 2 3 630 631 632 
300 2 3 633 634 635 
301 2 3 636 637 638 
302 2 3 639 640 641 
303 2 3 642 643 644 
304 2 2 645 646 
305 2 3 647 648 649 
306 2 3 650 651 652 
307 2 1 653 
308 2 3 654 655 656 
309 2 2 657 658 
310 2 3 659 660 661 
312 2 3 662 663 664 
313 2 2 665 666 
315 2 3 667 668 669 
316 2 1 670 
317 2 3 671 672 673 
318 2 3 674 675 676 
319 2 3 677 678 679 
320 2 3 680 681 682 
321 2 3 683 684 685 
322 2 1 686 
323 2 3 687 688 689 
324 2 2 690 691 
325 2 3 692 693 694 
326 2 2 695 696 
327 2 3 697 698 699 
328 2 2 700 701 
329 2 3 702 703 704 
333 2 3 705 706 707 
334 2 3 708 709 710 
=======
Site ID, Channel separation constraint, Number of Sectors, List of Sectors IDs
1 2 3 0 1 2 
2 2 3 3 4 5 
3 2 2 6 7 
4 2 2 8 9 
5 2 3 10 11 12 
6 2 2 13 14 
7 2 2 15 16 
8 2 3 17 18 19 
9 2 2 20 21 
10 2 3 22 23 24 
11 2 2 25 26 
12 2 2 27 28 
13 2 3 29 30 31 
14 2 3 32 33 34 
15 2 3 35 36 37 
16 2 3 38 39 40 
17 2 2 41 42 
19 2 3 43 44 45 
21 2 3 46 47 48 
22 2 2 49 50 
23 2 3 51 52 53 
24 2 3 54 55 56 
25 2 2 57 58 
26 2 2 59 60 
27 2 2 61 62 
28 2 2 63 64 
29 2 2 65 66 
32 2 2 67 68 
33 2 3 69 70 71 
34 2 2 72 73 
35 2 2 74 75 
36 2 3 76 77 78 
37 2 2 79 80 
39 2 3 81 82 83 
40 2 2 84 85 
41 2 2 86 87 
42 2 2 88 89 
43 2 2 90 91 
44 2 2 92 93 
46 2 2 94 95 
47 2 2 96 97 
48 2 3 98 99 100 
49 2 2 101 102 
51 2 2 103 104 
52 2 3 105 106 107 
53 2 2 108 109 
54 2 2 110 111 
55 2 2 112 113 
56 2 2 114 115 
58 2 2 116 117 
59 2 3 118 119 120 
61 2 3 121 122 123 
62 2 2 124 125 
65 2 2 126 127 
68 2 2 128 129 
70 2 3 130 131 132 
71 2 2 133 134 
72 2 2 135 136 
73 2 2 137 138 
74 2 3 139 140 141 
75 2 2 142 143 
77 2 3 144 145 146 
79 2 3 147 148 149 
80 2 3 150 151 152 
84 2 3 153 154 155 
87 2 3 156 157 158 
88 2 2 159 160 
89 2 3 161 162 163 
90 2 3 164 165 166 
91 2 3 167 168 169 
92 2 3 170 171 172 
93 2 2 173 174 
94 2 2 175 176 
95 2 3 177 178 179 
96 2 3 180 181 182 
97 2 3 183 184 185 
98 2 2 186 187 
99 2 3 188 189 190 
100 2 3 191 192 193 
101 2 3 194 195 196 
102 2 3 197 198 199 
104 2 3 200 201 202 
105 2 1 203 
106 2 3 204 205 206 
107 2 2 207 208 
108 2 2 209 210 
109 2 3 211 212 213 
110 2 2 214 215 
111 2 2 216 217 
112 2 2 218 219 
113 2 3 220 221 222 
114 2 2 223 224 
115 2 3 225 226 227 
116 2 2 228 229 
117 2 3 230 231 232 
118 2 1 233 
119 2 3 234 235 236 
120 2 3 237 238 239 
122 2 3 240 241 242 
124 2 1 243 
125 2 3 244 245 246 
126 2 3 247 248 249 
127 2 3 250 251 252 
129 2 2 253 254 
130 2 2 255 256 
131 2 3 257 258 259 
132 2 3 260 261 262 
133 2 2 263 264 
134 2 1 265 
135 2 2 266 267 
136 2 2 268 269 
137 2 2 270 271 
138 2 1 272 
139 2 2 273 274 
141 2 2 275 276 
143 2 3 277 278 279 
144 2 2 280 281 
145 2 2 282 283 
146 2 2 284 285 
147 2 3 286 287 288 
148 2 3 289 290 291 
149 2 2 292 293 
150 2 3 294 295 296 
151 2 3 297 298 299 
152 2 3 300 301 302 
153 2 3 303 304 305 
154 2 1 306 
155 2 1 307 
156 2 3 308 309 310 
157 2 2 311 312 
158 2 1 313 
159 2 2 314 315 
160 2 3 316 317 318 
161 2 1 319 
163 2 2 320 321 
164 2 3 322 323 324 
165 2 3 325 326 327 
166 2 2 328 329 
167 2 2 330 331 
168 2 2 332 333 
169 2 2 334 335 
170 2 3 336 337 338 
171 2 3 339 340 341 
172 2 2 342 343 
173 2 1 344 
174 2 3 345 346 347 
175 2 3 348 349 350 
176 2 3 351 352 353 
177 2 3 354 355 356 
178 2 3 357 358 359 
179 2 3 360 361 362 
180 2 3 363 364 365 
181 2 3 366 367 368 
182 2 2 369 370 
183 2 3 371 372 373 
185 2 3 374 375 376 
186 2 1 377 
187 2 3 378 379 380 
188 2 2 381 382 
189 2 2 383 384 
190 2 2 385 386 
191 2 2 387 388 
192 2 2 389 390 
193 2 3 391 392 393 
194 2 2 394 395 
195 2 2 396 397 
196 2 2 398 399 
197 2 1 400 
198 2 3 401 402 403 
199 2 3 404 405 406 
200 2 3 407 408 409 
201 2 3 410 411 412 
203 2 1 413 
204 2 2 414 415 
205 2 2 416 417 
206 2 2 418 419 
208 2 3 420 421 422 
209 2 3 423 424 425 
210 2 3 426 427 428 
211 2 2 429 430 
215 2 3 431 432 433 
216 2 3 434 435 436 
217 2 3 437 438 439 
218 2 3 440 441 442 
219 2 2 443 444 
220 2 3 445 446 447 
221 2 3 448 449 450 
223 2 3 451 452 453 
224 2 2 454 455 
225 2 3 456 457 458 
226 2 3 459 460 461 
227 2 3 462 463 464 
228 2 3 465 466 467 
229 2 2 468 469 
231 2 3 470 471 472 
232 2 3 473 474 475 
233 2 3 476 477 478 
235 2 3 479 480 481 
236 2 3 482 483 484 
237 2 2 485 486 
238 2 1 487 
239 2 2 488 489 
240 2 3 490 491 492 
241 2 3 493 494 495 
242 2 2 496 497 
243 2 3 498 499 500 
244 2 1 501 
245 2 1 502 
246 2 3 503 504 505 
247 2 1 506 
249 2 3 507 508 509 
250 2 3 510 511 512 
251 2 2 513 514 
252 2 2 515 516 
253 2 2 517 518 
254 2 3 519 520 521 
255 2 2 522 523 
256 2 3 524 525 526 
257 2 2 527 528 
259 2 3 529 530 531 
260 2 3 532 533 534 
261 2 3 535 536 537 
262 2 3 538 539 540 
263 2 3 541 542 543 
264 2 3 544 545 546 
265 2 3 547 548 549 
266 2 3 550 551 552 
267 2 3 553 554 555 
268 2 2 556 557 
269 2 3 558 559 560 
270 2 3 561 562 563 
271 2 2 564 565 
272 2 1 566 
273 2 3 567 568 569 
274 2 3 570 571 572 
275 2 3 573 574 575 
276 2 3 576 577 578 
277 2 2 579 580 
278 2 2 581 582 
279 2 2 583 584 
280 2 2 585 586 
282 2 3 587 588 589 
283 2 3 590 591 592 
284 2 3 593 594 595 
285 2 3 596 597 598 
286 2 3 599 600 601 
287 2 2 602 603 
288 2 3 604 605 606 
289 2 3 607 608 609 
290 2 1 610 
291 2 3 611 612 613 
292 2 3 614 615 616 
293 2 1 617 
294 2 2 618 619 
295 2 2 620 621 
296 2 2 622 623 
297 2 3 624 625 626 
298 2 3 627 628 629 
299 2 3 630 631 632 
300 2 3 633 634 635 
301 2 3 636 637 638 
302 2 3 639 640 641 
303 2 3 642 643 644 
304 2 2 645 646 
305 2 3 647 648 649 
306 2 3 650 651 652 
307 2 1 653 
308 2 3 654 655 656 
309 2 2 657 658 
310 2 3 659 660 661 
312 2 3 662 663 664 
313 2 2 665 666 
315 2 3 667 668 669 
316 2 1 670 
317 2 3 671 672 673 
318 2 3 674 675 676 
319 2 3 677 678 679 
320 2 3 680 681 682 
321 2 3 683 684 685 
322 2 1 686 
323 2 3 687 688 689 
324 2 2 690 691 
325 2 3 692 693 694 
326 2 2 695 696 
327 2 3 697 698 699 
328 2 2 700 701 
329 2 3 702 703 704 
333 2 3 705 706 707 
334 2 3 708 709 710 
>>>>>>> 0514ea9fae0f841576757defb02235a9189b0fad
