<<<<<<< HEAD
<trx> <freq>
0       146
1       142
2       144
3       151
4       145
5       134
6       141
7       136
8       138
9       135
10      150
11      148
12      151
13      148
14      143
15      146
16      147
17      140
18      149
19      145
20      144
21      142
22      150
23      135
24      145
25      150
26      148
27      141
28      139
29      137
30      151
31      135
32      142
33      149
34      145
35      134
36      138
37      147
38      136
39      145
40      146
41      138
42      134
43      143
44      148
45      139
46      151
47      145
48      144
49      146
50      151
51      150
52      148
53      139
54      149
55      147
56      142
57      143
58      149
59      145
60      135
61      137
62      139
63      141
64      144
65      146
66      150
67      148
68      151
69      142
70      140
71      149
72      141
73      145
74      143
75      145
76      135
77      143
78      142
79      140
80      138
81      135
82      143
83      141
84      136
85      139
86      144
87      150
88      148
89      146
90      143
91      147
92      145
93      146
94      136
95      144
96      151
97      140
98      146
99      150
100     137
101     148
102     143
103     147
104     145
105     150
106     150
107     146
108     144
109     137
110     137
111     148
112     139
113     144
114     134
115     150
116     144
117     148
118     135
119     139
120     142
121     137
122     146
123     149
124     140
125     136
126     135
127     142
128     145
129     151
130     135
131     142
132     145
133     147
134     143
135     139
136     134
137     137
138     147
139     145
140     140
141     136
142     135
143     146
144     150
145     137
146     135
147     150
148     148
149     137
150     135
151     145
152     150
153     143
154     147
155     149
156     145
157     143
158     147
159     149
160     140
161     138
162     148
163     136
164     144
165     134
166     142
167     151
168     149
169     147
170     151
171     134
172     134
173     151
174     145
175     143
176     135
177     145
178     150
179     139
180     136
181     138
182     140
183     134
184     149
185     144
186     136
187     145
188     139
189     134
190     134
191     136
192     148
193     138
194     150
195     148
196     142
197     136
198     139
199     135
200     137
201     146
202     147
203     142
204     151
205     149
206     143
207     150
208     148
209     140
210     139
211     141
212     137
213     150
214     148
215     141
216     144
217     150
218     146
219     148
220     146
221     150
222     139
223     141
224     134
225     136
226     143
227     148
228     134
229     138
230     140
231     148
232     146
233     144
234     142
235     144
236     140
237     135
238     148
239     145
240     151
241     146
242     137
243     149
244     141
245     143
246     140
247     146
248     144
249     135
250     140
251     142
252     144
253     149
254     144
255     140
256     149
257     151
258     148
259     146
260     150
261     145
262     150
263     147
264     140
265     145
266     143
267     143
268     141
269     146
270     135
271     140
272     144
273     137
274     150
275     145
276     142
277     147
278     139
279     141
280     148
281     146
282     150
283     140
284     146
285     148
286     135
287     143
288     150
289     135
290     146
291     141
292     139
293     149
294     145
295     137
296     135
297     138
298     147
299     141
300     137
301     134
302     143
303     142
304     135
305     144
306     143
307     135
308     145
309     151
310     142
311     144
312     150
313     148
314     146
315     144
316     135
317     141
318     151
319     148
320     135
321     135
322     147
323     145
324     144
325     140
326     138
327     142
328     134
329     144
330     135
331     150
332     145
333     141
334     143
335     146
336     150
337     147
338     135
339     150
340     146
341     135
342     142
343     138
344     140
345     150
346     139
347     135
348     141
349     137
350     140
351     149
352     135
353     142
354     145
355     143
356     150
357     146
358     142
359     140
360     150
361     144
362     134
363     151
364     147
365     143
366     151
367     149
368     136
369     140
370     150
371     146
372     134
373     148
374     140
375     135
376     150
377     138
378     150
379     148
380     146
381     147
382     151
383     149
384     151
385     146
386     144
387     141
388     136
389     138
390     134
391     139
392     137
393     144
394     150
395     146
396     150
397     134
398     147
399     150
400     135
401     137
402     134
403     136
404     141
405     150
406     142
407     145
408     139
409     141
410     151
411     148
412     143
413     147
414     141
415     139
416     138
417     145
418     143
419     150
420     149
421     141
422     147
423     136
424     137
425     139
426     148
427     143
428     140
429     147
430     149
431     138
432     150
433     140
434     138
435     138
436     136
437     149
438     148
439     150
440     146
441     135
442     148
443     137
444     148
445     139
446     150
447     140
448     138
449     136
450     136
451     138
452     140
453     134
454     135
455     150
456     137
457     139
458     138
459     140
460     148
461     136
462     140
463     149
464     138
465     140
466     135
467     148
468     148
469     142
470     139
471     143
472     140
473     146
474     150
475     143
476     140
477     135
478     144
479     150
480     151
481     142
482     138
483     149
484     150
485     143
486     140
487     138
488     146
489     135
490     137
491     144
492     150
493     134
494     143
495     136
496     139
497     149
498     136
499     148
500     139
501     141
502     135
503     140
504     137
505     148
506     140
507     136
508     138
509     150
510     139
511     137
512     148
513     141
514     146
515     149
516     136
517     138
518     140
519     148
520     137
521     142
522     137
523     141
524     148
525     139
526     149
527     147
528     151
529     134
530     150
531     134
532     136
533     148
534     149
535     138
536     140
537     135
538     137
539     135
540     148
541     151
542     148
543     135
544     137
545     150
546     147
547     138
548     136
549     140
550     148
551     150
552     146
553     144
554     149
555     151
556     145
557     147
558     134
559     148
560     140
561     147
562     143
563     145
564     149
565     140
566     138
567     135
568     134
569     148
570     136
571     138
572     137
573     141
574     139
575     148
576     139
577     137
578     148
579     141
580     135
581     148
582     150
583     146
584     141
585     139
586     137
587     147
588     139
589     147
590     143
591     141
592     139
593     142
594     147
595     145
596     139
597     137
598     141
599     148
600     139
601     136
602     148
603     141
604     140
605     136
606     138
607     148
608     136
609     140
610     138
611     147
612     144
613     148
614     150
615     149
616     136
617     138
618     146
619     148
620     144
621     140
622     137
623     149
624     139
625     141
626     137
627     147
628     140
629     138
630     149
631     147
632     148
633     140
634     137
635     142
636     137
637     141
638     148
639     139
640     147
641     140
642     149
643     138
644     146
645     142
646     144
647     148
648     138
649     148
650     140
651     142
652     136
653     149
654     138
655     140
656     140
657     138
658     148
659     136
660     139
661     141
662     143
663     147
664     141
665     138
666     149
667     147
668     151
669     136
670     137
671     147
672     141
673     143
674     146
675     144
676     148
677     142
678     147
679     149
680     145
681     151
682     139
683     141
684     136
685     148
686     140
687     142
688     138
689     146
690     134
691     149
692     151
693     136
694     142
695     138
696     140
697     147
698     148
699     142
700     146
701     144
702     148
703     141
704     139
705     146
706     140
707     136
708     142
709     138
710     139
711     141
712     137
713     147
714     142
715     140
716     144
717     146
718     145
719     143
720     148
721     150
722     139
723     141
724     145
725     143
726     134
727     144
728     137
729     141
730     143
731     145
732     147
733     138
734     142
735     145
736     140
737     142
738     145
739     140
740     147
741     147
742     143
743     145
744     140
745     142
746     138
747     146
748     139
749     142
750     142
751     138
752     140
753     144
754     142
755     140
756     138
757     146
758     143
759     141
760     148
761     143
762     145
763     141
764     138
765     141
766     143
767     147
768     143
769     138
770     141
771     142
772     146
773     144
774     147
775     145
776     143
777     141
778     143
779     138
780     143
781     141
782     138
783     149
784     145
785     147
786     143
787     149
788     145
789     143
790     147
791     139
792     142
793     146
794     144
795     142
796     140
797     138
798     139
799     141
800     146
801     142
802     146
803     148
804     144
805     147
806     149
807     143
808     145
809     134
810     151
811     136
812     139
813     148
814     151
815     146
816     148
817     151
818     146
819     142
820     138
821     140
822     147
823     137
824     139
825     141
826     148
827     146
828     148
829     151
830     142
831     142
832     140
833     138
834     143
835     139
836     145
837     141
838     143
839     141
840     138
841     145
842     142
843     140
844     138
845     144
846     149
847     147
848     139
849     141
850     138
851     136
852     140
853     150
854     138
855     140
856     136
857     142
858     145
859     143
860     147
861     139
862     143
863     147
864     141
865     145
866     142
867     146
868     140
869     144
870     136
871     151
872     134
873     139
874     141
875     137
876     143
877     145
878     147
879     143
880     151
881     141
882     143
883     134
884     138
885     149
886     147
887     134
888     145
889     143
890     141
891     139
892     145
893     140
894     138
895     142
896     144
897     134
898     136
899     140
900     138
901     139
902     137
903     151
904     135
905     139
906     137
907     141
908     145
909     143
910     145
911     147
912     144
913     146
914     138
915     144
916     134
917     151
918     149
919     134
920     151
921     140
922     149
923     147
924     151
925     139
926     141
927     134
928     137
929     134
930     136
931     151
932     149
933     140
934     136
935     138
936     151
937     149
938     143
939     145
940     147
941     149
942     151
943     134
944     147
945     137
946     139
947     141
948     139
949     137
950     150
951     134
952     138
953     136
954     140
955     136
956     138
957     136
958     140
959     138
960     135
961     139
962     137
963     151
964     134
965     146
966     140
967     151
968     138
969     142
970     144
971     146
972     141
973     139
974     146
975     139
976     137
977     135
978     138
979     136
980     140
981     137
982     139
983     134
984     135
985     137
986     139
987     140
988     142
989     138
990     144
991     137
992     139
993     143
994     141
995     138
996     140
997     136
998     134
999     139
1000    137
1001    141
1002    136
1003    138
1004    140
1005    141
1006    151
1007    143
1008    146
1009    151
1010    144
1011    149
1012    146
1013    141
1014    150
1015    144
1016    140
1017    144
1018    146
1019    134
1020    142
1021    142
1022    148
1023    134
1024    136
1025    151
1026    149
1027    141
1028    143
1029    135
1030    145
1031    138
1032    147
1033    136
1034    134
1035    138
1036    140
1037    143
1038    141
1039    138
1040    150
1041    135
1042    138
1043    140
1044    136
1045    134
1046    139
1047    135
1048    139
1049    137
1050    146
1051    149
1052    151
1053    141
1054    139
1055    141
1056    149
1057    151
1058    135
1059    134
1060    136
1061    145
1062    147
1063    148
1064    141
1065    139
1066    137
1067    142
1068    147
1069    138
1070    134
1071    137
1072    139
1073    144
1074    135
1075    146
1076    142
1077    135
1078    140
1079    138
1080    146
1081    134
1082    136
1083    140
1084    150
1085    138
1086    135
1087    147
1088    149
1089    145
1090    138
1091    139
1092    149
1093    137
1094    135
1095    139
1096    134
1097    136
1098    134
1099    136
1100    139
1101    146
1102    144
1103    137
1104    135
1105    144
1106    137
1107    146
1108    135
1109    142
1110    151
1111    149
1112    140
1113    137
1114    140
1115    146
1116    145
1117    137
1118    147
1119    147
1120    137
1121    139
1122    150
1123    148
1124    142
1125    135
1126    137
1127    139
1128    136
1129    145
1130    147
1131    134
1132    136
1133    138
1134    145
1135    134
1136    147
1137    136
1138    145
1139    134
1140    138
1141    136
1142    134
1143    134
1144    136
1145    138
1146    137
1147    135
1148    139
1149    135
1150    150
1151    137
1152    147
1153    138
1154    145
1155    135
1156    147
1157    147
1158    136
1159    145
1160    134
1161    136
1162    134
1163    138
1164    147
1165    134
1166    145
1167    147
1168    136
1169    147
1170    134
1171    145
1172    136
1173    137
1174    135
1175    139
1176    147
1177    145
1178    141
1179    144
1180    138
1181    134
1182    138
1183    136
1184    134
1185    142
1186    140
1187    144
1188    134
1189    136
1190    138
1191    136
1192    134
1193    138
1194    138
1195    136
1196    134
1197    151
1198    149
1199    147
1200    145
1201    143
1202    147
1203    151
1204    145
1205    148
1206    150
1207    144
1208    146
1209    134
1210    145
1211    149
1212    151
1213    138
1214    136
1215    140
1216    142
1217    140
1218    138
1219    136
1220    142
1221    135
1222    139
1223    137
1224    140
1225    142
1226    137
1227    143
1228    147
1229    151
1230    139
1231    137
1232    141
1233    143
1234    138
1235    135
1236    142
1237    140
1238    134
1239    144
1240    146
1241    142
1242    138
1243    140
1244    142
1245    136
1246    138
1247    136
1248    134
1249    140
1250    139
1251    142
1252    137
1253    144
1254    142
1255    138
1256    140
1257    136
1258    138
1259    136
1260    140
1261    142
1262    139
1263    137
1264    134
1265    141
1266    136
1267    134
1268    151
1269    149
1270    141
1271    137
1272    134
1273    139
1274    140
1275    142
1276    134
1277    144
1278    140
1279    138
1280    136
1281    134
1282    137
1283    135
1284    139
1285    141
1286    139
1287    137
1288    135
1289    141
1290    142
1291    146
1292    144
1293    151
1294    140
1295    142
1296    136
1297    138
1298    142
1299    140
1300    136
1301    138
1302    135
1303    137
1304    139
1305    141
1306    139
1307    134
1308    141
1309    137
1310    137
1311    141
1312    135
1313    139
1314    142
1315    138
1316    140
1317    136
1318    141
1319    139
1320    137
1321    135
1322    139
1323    135
1324    141
1325    137
1326    140
1327    138
1328    136
1329    139
1330    137
1331    135
1332    138
1333    140
1334    142
1335    136
1336    136
1337    138
1338    140
1339    134
1340    140
1341    142
1342    136
1343    138
1344    134
1345    136
1346    151
1347    149
1348    142
1349    140
1350    136
1351    138
1352    143
1353    145
1354    141
1355    147
1356    145
1357    142
1358    148
1359    138
1360    136
1361    151
1362    149
1363    145
1364    149
1365    151
1366    147
1367    136
1368    134
1369    140
1370    138
1371    138
1372    136
1373    140
1374    141
1375    137
1376    139
1377    135
1378    149
1379    137
1380    138
1381    136
1382    140
1383    140
1384    138
1385    134
1386    145
1387    147
1388    143
1389    141
1390    149
1391    143
1392    149
1393    151
1394    147
1395    143
1396    145
1397    149
1398    136
1399    134
1400    138
1401    145
1402    151
1403    134
1404    143
1405    139
1406    135
1407    137
1408    141
1409    137
1410    141
1411    139
1412    135
1413    134
1414    149
1415    136
1416    139
1417    135
1418    137
1419    137
1420    141
1421    139
1422    134
1423    139
1424    141
1425    134
1426    136
1427    138
1428    136
1429    138
1430    134
1431    140
1432    138
1433    135
1434    137
1435    139
1436    135
1437    141
1438    142
1439    138
1440    140
1441    144
1442    136
1443    140
1444    142
1445    138
1446    134
1447    136
1448    140
1449    138
1450    136
1451    140
1452    134
1453    138
1454    136
1455    134
1456    140
1457    138
1458    148
1459    146
1460    150
1461    144
1462    149
1463    151
1464    147
1465    134
1466    136
1467    151
1468    149
1469    138
1470    140
1471    138
1472    134
1473    136
1474    151
1475    145
1476    143
1477    149
1478    150
1479    134
1480    148
1481    146
1482    151
1483    140
1484    148
1485    149
1486    134
1487    147
1488    148
1489    150
1490    134
1491    140
1492    142
1493    138
1494    137
1495    142
1496    140
1497    141
1498    137
1499    139
1500    136
1501    134
1502    143
1503    146
1504    137
1505    135
1506    148
1507    135
1508    147
1509    145
1510    137
1511    134
1512    136
1513    146
1514    138
1515    145
1516    134
1517    136
1518    138
1519    136
1520    134
1521    138
1522    147
1523    143
1524    151
1525    147
1526    145
1527    134
1528    136
1529    148
1530    138
1531    138
1532    136
1533    134
1534    149
1535    135
1536    137
1537    139
1538    149
1539    137
1540    139
1541    141
1542    136
1543    138
1544    140
1545    139
1546    137
1547    135
1548    141
1549    137
1550    139
1551    135
1552    141
1553    137
1554    144
1555    135
1556    142
1557    145
1558    136
1559    143
1560    140
1561    142
1562    150
1563    138
1564    148
1565    142
1566    148
1567    140
1568    150
1569    141
1570    143
1571    139
1572    137
1573    148
1574    146
1575    135
1576    144
1577    150
1578    145
1579    147
1580    138
1581    147
1582    136
1583    138
1584    145
1585    134
1586    140
1587    142
1588    136
1589    139
1590    148
1591    141
1592    150
1593    134
1594    136
1595    145
1596    149
1597    138
1598    144
1599    144
1600    147
1601    149
1602    139
1603    141
1604    146
1605    148
1606    151
1607    136
1608    145
1609    147
1610    138
1611    134
1612    144
1613    136
1614    146
1615    143
1616    148
1617    139
1618    141
1619    138
1620    140
1621    150
1622    142
1623    142
1624    137
1625    149
1626    135
1627    140
1628    148
1629    150
1630    146
1631    138
1632    147
1633    136
1634    144
1635    148
1636    150
1637    138
1638    142
1639    140
1640    151
1641    143
1642    148
1643    141
1644    139
1645    149
1646    138
1647    142
1648    140
1649    150
1650    137
1651    142
1652    135
1653    138
1654    147
1655    143
1656    140
1657    144
1658    140
1659    134
1660    150
1661    143
1662    150
1663    139
1664    141
1665    151
1666    142
1667    149
1668    140
1669    135
1670    137
1671    144
1672    150
1673    141
1674    143
1675    139
1676    147
1677    148
1678    138
1679    141
1680    150
1681    140
1682    149
1683    145
1684    134
1685    135
1686    139
1687    144
1688    149
1689    144
1690    135
1691    139
1692    144
1693    134
1694    137
1695    135
1696    149
1697    139
1698    137
1699    138
1700    136
1701    134
1702    145
1703    140
1704    135
1705    145
1706    150
1707    136
1708    134
1709    138
1710    145
1711    135
1712    147
1713    144
1714    137
1715    146
1716    137
1717    144
1718    148
1719    134
1720    144
1721    136
1722    146
1723    139
1724    147
1725    144
1726    142
1727    145
1728    143
1729    136
1730    147
1731    134
1732    145
1733    138
1734    136
1735    136
1736    138
1737    134
1738    145
1739    151
1740    139
1741    141
1742    149
1743    136
1744    134
1745    138
1746    145
1747    135
1748    144
1749    146
1750    137
1751    140
1752    149
1753    142
1754    151
1755    135
1756    137
1757    146
1758    143
1759    137
1760    135
1761    144
1762    146
1763    134
1764    145
1765    134
1766    136
1767    142
1768    151
1769    147
1770    151
1771    137
1772    142
1773    146
1774    144
1775    139
1776    135
1777    149
1778    141
1779    143
1780    139
1781    148
1782    147
1783    149
1784    144
1785    135
1786    150
1787    139
1788    141
1789    137
1790    138
1791    140
1792    151
1793    142
1794    134
1795    145
1796    143
1797    138
1798    147
1799    136
1800    146
1801    137
1802    144
1803    135
1804    135
1805    146
1806    137
1807    144
1808    138
1809    140
1810    149
1811    142
1812    134
1813    145
1814    137
1815    150
1816    134
1817    138
1818    135
1819    137
1820    146
1821    144
1822    137
1823    146
1824    135
1825    148
1826    151
1827    143
1828    139
1829    141
1830    144
1831    134
1832    147
1833    134
1834    136
1835    145
1836    147
1837    135
1838    137
1839    146
1840    144
1841    135
1842    144
1843    137
1844    146
1845    148
1846    141
1847    150
1848    139
1849    143
1850    151
1851    141
1852    139
1853    146
1854    143
1855    135
1856    137
1857    136
1858    134
1859    145
1860    134
1861    145
1862    136
1863    136
1864    145
1865    134
1866    136
1867    134
1868    145
1869    135
1870    146
1871    137
1872    145
1873    134
1874    136
1875    142
1876    147
1877    138
1878    149
1879    144
1880    137
1881    135
1882    146
1883    134
1884    136
1885    145
1886    149
1887    151
1888    143
1889    140
1890    151
1891    149
1892    147
1893    134
1894    146
1895    136
1896    144
1897    146
1898    138
1899    135
1900    144
1901    134
1902    147
1903    139
1904    137
1905    137
1906    151
1907    149
1908    140
1909    138
1910    135
1911    148
1912    150
1913    141
1914    137
1915    145
1916    143
1917    136
1918    138
1919    139
1920    149
1921    141
1922    151
1923    137
1924    135
1925    141
1926    145
1927    140
1928    137
1929    148
1930    146
1931    148
1932    143
1933    138
1934    136
1935    136
1936    138
1937    145
1938    134
1939    146
1940    138
1941    136
1942    149
1943    149
1944    142
1945    151
1946    140
1947    140
1948    135
1949    148
1950    150
1951    142
1952    140
1953    148
1954    137
1955    146
1956    138
1957    136
1958    134
1959    149
1960    143
1961    139
1962    141
1963    142
1964    134
1965    136
1966    145
1967    151
1968    148
1969    137
1970    144
1971    134
1972    145
1973    138
1974    147
1975    142
1976    144
1977    137
1978    151
1979    135
1980    140
1981    146
1982    138
1983    134
1984    143
1985    148
1986    145
1987    137
1988    144
1989    149
1990    151
1991    139
1992    135
1993    147
1994    142
1995    147
1996    141
1997    139
1998    134
1999    138
2000    146
2001    140
2002    151
2003    144
2004    142
2005    148
2006    150
2007    148
2008    146
2009    134
2010    136
2011    139
2012    134
2013    148
2014    146
2015    138
2016    136
2017    140
2018    146
2019    148
2020    139
2021    150
2022    151
2023    143
2024    149
2025    142
2026    144
2027    151
2028    149
2029    151
2030    142
2031    144
2032    134
2033    140
2034    143
2035    145
2036    136
2037    142
2038    137
2039    150
2040    135
2041    151
2042    144
2043    149
2044    142
2045    134
2046    151
2047    144
2048    149
2049    140
2050    142
2051    136
2052    151
2053    143
2054    149
2055    151
2056    149
2057    144
2058    135
2059    137
2060    144
2061    150
2062    136
2063    143
2064    141
2065    134
2066    143
2067    138
2068    140
2069    135
2070    141
2071    146
2072    136
2073    139
2074    143
2075    148
2076    141
2077    146
2078    146
2079    136
2080    140
2081    138
2082    134
2083    141
2084    146
2085    136
2086    140
2087    135
2088    137
2089    143
2090    146
2091    148
2092    138
2093    150
2094    149
2095    142
2096    136
2097    144
2098    139
2099    146
2100    151
2101    134
2102    148
2103    135
2104    143
2105    137
2106    149
2107    141
2108    151
2109    134
2110    137
2111    143
2112    134
2113    136
2114    141
2115    142
2116    144
2117    149
2118    136
2119    138
2120    141
2121    135
2122    137
2123    139
2124    149
2125    142
2126    151
2127    151
2128    134
2129    144
2130    135
2131    140
2132    146
2133    138
2134    140
2135    135
2136    138
2137    145
2138    134
2139    147
2140    139
2141    136
2142    134
2143    136
2144    140
2145    138
2146    140
2147    137
2148    145
2149    135
2150    139
2151    135
2152    145
2153    147
2154    134
2155    136
2156    139
2157    141
2158    134
2159    136
2160    138
2161    140
2162    137
2163    150
2164    144
2165    142
2166    146
2167    148
2168    150
2169    143
2170    151
2171    142
2172    140
2173    149
2174    151
2175    149
2176    143
2177    141
2178    136
2179    139
2180    147
2181    134
2182    135
2183    139
2184    137
2185    147
2186    151
2187    147
2188    145
2189    149
2190    139
2191    141
2192    134
2193    147
2194    147
2195    145
2196    139
2197    141
2198    151
2199    137
2200    139
2201    134
2202    148
2203    146
2204    144
2205    142
2206    148
2207    144
2208    140
2209    136
2210    137
2211    143
2212    150
2213    139
2214    144
2215    134
2216    146
2217    140
2218    136
2219    134
2220    149
2221    142
2222    151
2223    142
2224    149
2225    150
2226    135
2227    147
2228    140
2229    148
2230    146
2231    134
2232    151
2233    143
2234    149
2235    145
2236    141
2237    151
2238    149
2239    140
2240    138
2241    141
2242    145
2243    139
2244    150
2245    134
2246    147
2247    136
2248    143
2249    147
2250    145
2251    142
2252    145
2253    147
2254    143
2255    134
2256    139
2257    137
2258    151
2259    143
2260    148
2261    147
2262    142
2263    134
2264    139
2265    134
2266    141
2267    142
2268    146
2269    149
2270    144
2271    150
2272    137
2273    135
2274    143
2275    141
2276    148
2277    145
2278    145
2279    138
2280    135
2281    150
2282    138
2283    146
2284    144
2285    142
2286    145
2287    141
2288    149
2289    151
2290    139
2291    143
2292    135
2293    137
2294    140
2295    148
2296    142
2297    150
2298    151
2299    146
2300    136
2301    134
2302    144
2303    142
2304    135
2305    137
2306    142
2307    150
2308    148
2309    146
2310    140
2311    134
2312    147
2313    144
2314    137
2315    150
2316    139
2317    143
2318    144
2319    138
2320    140
2321    151
2322    141
2323    147
2324    145
2325    135
2326    138
2327    149
2328    136
2329    151
2330    135
2331    142
2332    148
2333    137
2334    146
2335    150
2336    134
2337    138
2338    140
2339    151
2340    145
2341    136
2342    151
2343    147
2344    143
2345    139
2346    141
2347    149
2348    141
2349    146
2350    144
2351    135
2352    150
2353    145
2354    137
2355    139
2356    138
2357    151
2358    140
2359    149
2360    137
2361    143
2362    145
2363    150
2364    140
2365    135
2366    148
2367    144
2368    142
2369    138
2370    151
2371    141
2372    149
2373    146
2374    137
2375    135
2376    139
2377    150
2378    151
2379    134
2380    137
2381    149
2382    147
2383    143
2384    145
2385    141
2386    136
2387    150
2388    146
2389    140
2390    144
2391    137
2392    142
2393    147
2394    142
2395    136
2396    149
2397    138
2398    144
2399    146
2400    140
2401    134
2402    143
2403    151
2404    148
2405    139
2406    142
2407    144
2408    141
2409    134
2410    138
2411    136
2412    141
2413    143
2414    138
2415    137
2416    135
2417    142
2418    139
2419    148
2420    146
2421    144
2422    150
2423    134
2424    138
2425    141
2426    136
2427    141
2428    150
2429    144
2430    135
2431    148
2432    139
2433    146
2434    137
2435    138
2436    136
2437    150
2438    144
2439    151
2440    147
2441    143
2442    146
2443    148
2444    134
2445    139
2446    137
2447    151
2448    141
2449    136
2450    138
2451    150
2452    140
2453    136
2454    150
2455    146
2456    140
2457    138
2458    148
2459    146
2460    151
2461    145
2462    143
2463    136
2464    139
2465    151
2466    150
2467    137
2468    143
2469    139
2470    145
2471    135
2472    137
2473    139
2474    150
2475    134
2476    136
2477    138
2478    140
2479    134
2480    138
2481    136
2482    140
2483    138
2484    136
2485    142
2486    149
2487    148
2488    136
2489    146
2490    139
2491    141
2492    134
2493    150
2494    143
2495    134
2496    141
2497    144
2498    150
2499    137
2500    147
2501    151
2502    145
2503    151
2504    140
2505    145
2506    147
2507    148
2508    140
2509    143
2510    137
2511    136
2512    138
2513    142
2514    146
2515    149
2516    141
2517    139
2518    134
2519    141
2520    138
2521    143
2522    135
2523    144
2524    140
2525    150
2526    134
2527    137
2528    143
2529    141
2530    145
2531    151
2532    148
2533    139
2534    141
2535    138
2536    134
2537    151
2538    146
2539    148
2540    138
2541    144
2542    140
2543    142
2544    147
2545    145
2546    143
2547    150
2548    136
2549    134
2550    148
2551    151
2552    140
2553    151
2554    147
2555    136
2556    149
2557    144
2558    151
2559    134
2560    139
2561    141
2562    146
2563    150
2564    144
2565    148
2566    143
2567    137
2568    145
2569    147
2570    142
2571    137
2572    144
2573    148
2574    146
2575    135
2576    148
2577    140
2578    150
2579    143
2580    141
2581    149
2582    145
2583    151
2584    134
2585    147
2586    139
2587    136
2588    151
2589    142
2590    149
2591    147
2592    146
2593    136
2594    148
2595    150
2596    138
2597    140
2598    144
2599    134
2600    144
2601    141
2602    149
2603    138
2604    148
2605    150
2606    146
2607    140
2608    147
2609    134
2610    149
=======
<trx> <freq>
0       146
1       142
2       144
3       151
4       145
5       134
6       141
7       136
8       138
9       135
10      150
11      148
12      151
13      148
14      143
15      146
16      147
17      140
18      149
19      145
20      144
21      142
22      150
23      135
24      145
25      150
26      148
27      141
28      139
29      137
30      151
31      135
32      142
33      149
34      145
35      134
36      138
37      147
38      136
39      145
40      146
41      138
42      134
43      143
44      148
45      139
46      151
47      145
48      144
49      146
50      151
51      150
52      148
53      139
54      149
55      147
56      142
57      143
58      149
59      145
60      135
61      137
62      139
63      141
64      144
65      146
66      150
67      148
68      151
69      142
70      140
71      149
72      141
73      145
74      143
75      145
76      135
77      143
78      142
79      140
80      138
81      135
82      143
83      141
84      136
85      139
86      144
87      150
88      148
89      146
90      143
91      147
92      145
93      146
94      136
95      144
96      151
97      140
98      146
99      150
100     137
101     148
102     143
103     147
104     145
105     150
106     150
107     146
108     144
109     137
110     137
111     148
112     139
113     144
114     134
115     150
116     144
117     148
118     135
119     139
120     142
121     137
122     146
123     149
124     140
125     136
126     135
127     142
128     145
129     151
130     135
131     142
132     145
133     147
134     143
135     139
136     134
137     137
138     147
139     145
140     140
141     136
142     135
143     146
144     150
145     137
146     135
147     150
148     148
149     137
150     135
151     145
152     150
153     143
154     147
155     149
156     145
157     143
158     147
159     149
160     140
161     138
162     148
163     136
164     144
165     134
166     142
167     151
168     149
169     147
170     151
171     134
172     134
173     151
174     145
175     143
176     135
177     145
178     150
179     139
180     136
181     138
182     140
183     134
184     149
185     144
186     136
187     145
188     139
189     134
190     134
191     136
192     148
193     138
194     150
195     148
196     142
197     136
198     139
199     135
200     137
201     146
202     147
203     142
204     151
205     149
206     143
207     150
208     148
209     140
210     139
211     141
212     137
213     150
214     148
215     141
216     144
217     150
218     146
219     148
220     146
221     150
222     139
223     141
224     134
225     136
226     143
227     148
228     134
229     138
230     140
231     148
232     146
233     144
234     142
235     144
236     140
237     135
238     148
239     145
240     151
241     146
242     137
243     149
244     141
245     143
246     140
247     146
248     144
249     135
250     140
251     142
252     144
253     149
254     144
255     140
256     149
257     151
258     148
259     146
260     150
261     145
262     150
263     147
264     140
265     145
266     143
267     143
268     141
269     146
270     135
271     140
272     144
273     137
274     150
275     145
276     142
277     147
278     139
279     141
280     148
281     146
282     150
283     140
284     146
285     148
286     135
287     143
288     150
289     135
290     146
291     141
292     139
293     149
294     145
295     137
296     135
297     138
298     147
299     141
300     137
301     134
302     143
303     142
304     135
305     144
306     143
307     135
308     145
309     151
310     142
311     144
312     150
313     148
314     146
315     144
316     135
317     141
318     151
319     148
320     135
321     135
322     147
323     145
324     144
325     140
326     138
327     142
328     134
329     144
330     135
331     150
332     145
333     141
334     143
335     146
336     150
337     147
338     135
339     150
340     146
341     135
342     142
343     138
344     140
345     150
346     139
347     135
348     141
349     137
350     140
351     149
352     135
353     142
354     145
355     143
356     150
357     146
358     142
359     140
360     150
361     144
362     134
363     151
364     147
365     143
366     151
367     149
368     136
369     140
370     150
371     146
372     134
373     148
374     140
375     135
376     150
377     138
378     150
379     148
380     146
381     147
382     151
383     149
384     151
385     146
386     144
387     141
388     136
389     138
390     134
391     139
392     137
393     144
394     150
395     146
396     150
397     134
398     147
399     150
400     135
401     137
402     134
403     136
404     141
405     150
406     142
407     145
408     139
409     141
410     151
411     148
412     143
413     147
414     141
415     139
416     138
417     145
418     143
419     150
420     149
421     141
422     147
423     136
424     137
425     139
426     148
427     143
428     140
429     147
430     149
431     138
432     150
433     140
434     138
435     138
436     136
437     149
438     148
439     150
440     146
441     135
442     148
443     137
444     148
445     139
446     150
447     140
448     138
449     136
450     136
451     138
452     140
453     134
454     135
455     150
456     137
457     139
458     138
459     140
460     148
461     136
462     140
463     149
464     138
465     140
466     135
467     148
468     148
469     142
470     139
471     143
472     140
473     146
474     150
475     143
476     140
477     135
478     144
479     150
480     151
481     142
482     138
483     149
484     150
485     143
486     140
487     138
488     146
489     135
490     137
491     144
492     150
493     134
494     143
495     136
496     139
497     149
498     136
499     148
500     139
501     141
502     135
503     140
504     137
505     148
506     140
507     136
508     138
509     150
510     139
511     137
512     148
513     141
514     146
515     149
516     136
517     138
518     140
519     148
520     137
521     142
522     137
523     141
524     148
525     139
526     149
527     147
528     151
529     134
530     150
531     134
532     136
533     148
534     149
535     138
536     140
537     135
538     137
539     135
540     148
541     151
542     148
543     135
544     137
545     150
546     147
547     138
548     136
549     140
550     148
551     150
552     146
553     144
554     149
555     151
556     145
557     147
558     134
559     148
560     140
561     147
562     143
563     145
564     149
565     140
566     138
567     135
568     134
569     148
570     136
571     138
572     137
573     141
574     139
575     148
576     139
577     137
578     148
579     141
580     135
581     148
582     150
583     146
584     141
585     139
586     137
587     147
588     139
589     147
590     143
591     141
592     139
593     142
594     147
595     145
596     139
597     137
598     141
599     148
600     139
601     136
602     148
603     141
604     140
605     136
606     138
607     148
608     136
609     140
610     138
611     147
612     144
613     148
614     150
615     149
616     136
617     138
618     146
619     148
620     144
621     140
622     137
623     149
624     139
625     141
626     137
627     147
628     140
629     138
630     149
631     147
632     148
633     140
634     137
635     142
636     137
637     141
638     148
639     139
640     147
641     140
642     149
643     138
644     146
645     142
646     144
647     148
648     138
649     148
650     140
651     142
652     136
653     149
654     138
655     140
656     140
657     138
658     148
659     136
660     139
661     141
662     143
663     147
664     141
665     138
666     149
667     147
668     151
669     136
670     137
671     147
672     141
673     143
674     146
675     144
676     148
677     142
678     147
679     149
680     145
681     151
682     139
683     141
684     136
685     148
686     140
687     142
688     138
689     146
690     134
691     149
692     151
693     136
694     142
695     138
696     140
697     147
698     148
699     142
700     146
701     144
702     148
703     141
704     139
705     146
706     140
707     136
708     142
709     138
710     139
711     141
712     137
713     147
714     142
715     140
716     144
717     146
718     145
719     143
720     148
721     150
722     139
723     141
724     145
725     143
726     134
727     144
728     137
729     141
730     143
731     145
732     147
733     138
734     142
735     145
736     140
737     142
738     145
739     140
740     147
741     147
742     143
743     145
744     140
745     142
746     138
747     146
748     139
749     142
750     142
751     138
752     140
753     144
754     142
755     140
756     138
757     146
758     143
759     141
760     148
761     143
762     145
763     141
764     138
765     141
766     143
767     147
768     143
769     138
770     141
771     142
772     146
773     144
774     147
775     145
776     143
777     141
778     143
779     138
780     143
781     141
782     138
783     149
784     145
785     147
786     143
787     149
788     145
789     143
790     147
791     139
792     142
793     146
794     144
795     142
796     140
797     138
798     139
799     141
800     146
801     142
802     146
803     148
804     144
805     147
806     149
807     143
808     145
809     134
810     151
811     136
812     139
813     148
814     151
815     146
816     148
817     151
818     146
819     142
820     138
821     140
822     147
823     137
824     139
825     141
826     148
827     146
828     148
829     151
830     142
831     142
832     140
833     138
834     143
835     139
836     145
837     141
838     143
839     141
840     138
841     145
842     142
843     140
844     138
845     144
846     149
847     147
848     139
849     141
850     138
851     136
852     140
853     150
854     138
855     140
856     136
857     142
858     145
859     143
860     147
861     139
862     143
863     147
864     141
865     145
866     142
867     146
868     140
869     144
870     136
871     151
872     134
873     139
874     141
875     137
876     143
877     145
878     147
879     143
880     151
881     141
882     143
883     134
884     138
885     149
886     147
887     134
888     145
889     143
890     141
891     139
892     145
893     140
894     138
895     142
896     144
897     134
898     136
899     140
900     138
901     139
902     137
903     151
904     135
905     139
906     137
907     141
908     145
909     143
910     145
911     147
912     144
913     146
914     138
915     144
916     134
917     151
918     149
919     134
920     151
921     140
922     149
923     147
924     151
925     139
926     141
927     134
928     137
929     134
930     136
931     151
932     149
933     140
934     136
935     138
936     151
937     149
938     143
939     145
940     147
941     149
942     151
943     134
944     147
945     137
946     139
947     141
948     139
949     137
950     150
951     134
952     138
953     136
954     140
955     136
956     138
957     136
958     140
959     138
960     135
961     139
962     137
963     151
964     134
965     146
966     140
967     151
968     138
969     142
970     144
971     146
972     141
973     139
974     146
975     139
976     137
977     135
978     138
979     136
980     140
981     137
982     139
983     134
984     135
985     137
986     139
987     140
988     142
989     138
990     144
991     137
992     139
993     143
994     141
995     138
996     140
997     136
998     134
999     139
1000    137
1001    141
1002    136
1003    138
1004    140
1005    141
1006    151
1007    143
1008    146
1009    151
1010    144
1011    149
1012    146
1013    141
1014    150
1015    144
1016    140
1017    144
1018    146
1019    134
1020    142
1021    142
1022    148
1023    134
1024    136
1025    151
1026    149
1027    141
1028    143
1029    135
1030    145
1031    138
1032    147
1033    136
1034    134
1035    138
1036    140
1037    143
1038    141
1039    138
1040    150
1041    135
1042    138
1043    140
1044    136
1045    134
1046    139
1047    135
1048    139
1049    137
1050    146
1051    149
1052    151
1053    141
1054    139
1055    141
1056    149
1057    151
1058    135
1059    134
1060    136
1061    145
1062    147
1063    148
1064    141
1065    139
1066    137
1067    142
1068    147
1069    138
1070    134
1071    137
1072    139
1073    144
1074    135
1075    146
1076    142
1077    135
1078    140
1079    138
1080    146
1081    134
1082    136
1083    140
1084    150
1085    138
1086    135
1087    147
1088    149
1089    145
1090    138
1091    139
1092    149
1093    137
1094    135
1095    139
1096    134
1097    136
1098    134
1099    136
1100    139
1101    146
1102    144
1103    137
1104    135
1105    144
1106    137
1107    146
1108    135
1109    142
1110    151
1111    149
1112    140
1113    137
1114    140
1115    146
1116    145
1117    137
1118    147
1119    147
1120    137
1121    139
1122    150
1123    148
1124    142
1125    135
1126    137
1127    139
1128    136
1129    145
1130    147
1131    134
1132    136
1133    138
1134    145
1135    134
1136    147
1137    136
1138    145
1139    134
1140    138
1141    136
1142    134
1143    134
1144    136
1145    138
1146    137
1147    135
1148    139
1149    135
1150    150
1151    137
1152    147
1153    138
1154    145
1155    135
1156    147
1157    147
1158    136
1159    145
1160    134
1161    136
1162    134
1163    138
1164    147
1165    134
1166    145
1167    147
1168    136
1169    147
1170    134
1171    145
1172    136
1173    137
1174    135
1175    139
1176    147
1177    145
1178    141
1179    144
1180    138
1181    134
1182    138
1183    136
1184    134
1185    142
1186    140
1187    144
1188    134
1189    136
1190    138
1191    136
1192    134
1193    138
1194    138
1195    136
1196    134
1197    151
1198    149
1199    147
1200    145
1201    143
1202    147
1203    151
1204    145
1205    148
1206    150
1207    144
1208    146
1209    134
1210    145
1211    149
1212    151
1213    138
1214    136
1215    140
1216    142
1217    140
1218    138
1219    136
1220    142
1221    135
1222    139
1223    137
1224    140
1225    142
1226    137
1227    143
1228    147
1229    151
1230    139
1231    137
1232    141
1233    143
1234    138
1235    135
1236    142
1237    140
1238    134
1239    144
1240    146
1241    142
1242    138
1243    140
1244    142
1245    136
1246    138
1247    136
1248    134
1249    140
1250    139
1251    142
1252    137
1253    144
1254    142
1255    138
1256    140
1257    136
1258    138
1259    136
1260    140
1261    142
1262    139
1263    137
1264    134
1265    141
1266    136
1267    134
1268    151
1269    149
1270    141
1271    137
1272    134
1273    139
1274    140
1275    142
1276    134
1277    144
1278    140
1279    138
1280    136
1281    134
1282    137
1283    135
1284    139
1285    141
1286    139
1287    137
1288    135
1289    141
1290    142
1291    146
1292    144
1293    151
1294    140
1295    142
1296    136
1297    138
1298    142
1299    140
1300    136
1301    138
1302    135
1303    137
1304    139
1305    141
1306    139
1307    134
1308    141
1309    137
1310    137
1311    141
1312    135
1313    139
1314    142
1315    138
1316    140
1317    136
1318    141
1319    139
1320    137
1321    135
1322    139
1323    135
1324    141
1325    137
1326    140
1327    138
1328    136
1329    139
1330    137
1331    135
1332    138
1333    140
1334    142
1335    136
1336    136
1337    138
1338    140
1339    134
1340    140
1341    142
1342    136
1343    138
1344    134
1345    136
1346    151
1347    149
1348    142
1349    140
1350    136
1351    138
1352    143
1353    145
1354    141
1355    147
1356    145
1357    142
1358    148
1359    138
1360    136
1361    151
1362    149
1363    145
1364    149
1365    151
1366    147
1367    136
1368    134
1369    140
1370    138
1371    138
1372    136
1373    140
1374    141
1375    137
1376    139
1377    135
1378    149
1379    137
1380    138
1381    136
1382    140
1383    140
1384    138
1385    134
1386    145
1387    147
1388    143
1389    141
1390    149
1391    143
1392    149
1393    151
1394    147
1395    143
1396    145
1397    149
1398    136
1399    134
1400    138
1401    145
1402    151
1403    134
1404    143
1405    139
1406    135
1407    137
1408    141
1409    137
1410    141
1411    139
1412    135
1413    134
1414    149
1415    136
1416    139
1417    135
1418    137
1419    137
1420    141
1421    139
1422    134
1423    139
1424    141
1425    134
1426    136
1427    138
1428    136
1429    138
1430    134
1431    140
1432    138
1433    135
1434    137
1435    139
1436    135
1437    141
1438    142
1439    138
1440    140
1441    144
1442    136
1443    140
1444    142
1445    138
1446    134
1447    136
1448    140
1449    138
1450    136
1451    140
1452    134
1453    138
1454    136
1455    134
1456    140
1457    138
1458    148
1459    146
1460    150
1461    144
1462    149
1463    151
1464    147
1465    134
1466    136
1467    151
1468    149
1469    138
1470    140
1471    138
1472    134
1473    136
1474    151
1475    145
1476    143
1477    149
1478    150
1479    134
1480    148
1481    146
1482    151
1483    140
1484    148
1485    149
1486    134
1487    147
1488    148
1489    150
1490    134
1491    140
1492    142
1493    138
1494    137
1495    142
1496    140
1497    141
1498    137
1499    139
1500    136
1501    134
1502    143
1503    146
1504    137
1505    135
1506    148
1507    135
1508    147
1509    145
1510    137
1511    134
1512    136
1513    146
1514    138
1515    145
1516    134
1517    136
1518    138
1519    136
1520    134
1521    138
1522    147
1523    143
1524    151
1525    147
1526    145
1527    134
1528    136
1529    148
1530    138
1531    138
1532    136
1533    134
1534    149
1535    135
1536    137
1537    139
1538    149
1539    137
1540    139
1541    141
1542    136
1543    138
1544    140
1545    139
1546    137
1547    135
1548    141
1549    137
1550    139
1551    135
1552    141
1553    137
1554    144
1555    135
1556    142
1557    145
1558    136
1559    143
1560    140
1561    142
1562    150
1563    138
1564    148
1565    142
1566    148
1567    140
1568    150
1569    141
1570    143
1571    139
1572    137
1573    148
1574    146
1575    135
1576    144
1577    150
1578    145
1579    147
1580    138
1581    147
1582    136
1583    138
1584    145
1585    134
1586    140
1587    142
1588    136
1589    139
1590    148
1591    141
1592    150
1593    134
1594    136
1595    145
1596    149
1597    138
1598    144
1599    144
1600    147
1601    149
1602    139
1603    141
1604    146
1605    148
1606    151
1607    136
1608    145
1609    147
1610    138
1611    134
1612    144
1613    136
1614    146
1615    143
1616    148
1617    139
1618    141
1619    138
1620    140
1621    150
1622    142
1623    142
1624    137
1625    149
1626    135
1627    140
1628    148
1629    150
1630    146
1631    138
1632    147
1633    136
1634    144
1635    148
1636    150
1637    138
1638    142
1639    140
1640    151
1641    143
1642    148
1643    141
1644    139
1645    149
1646    138
1647    142
1648    140
1649    150
1650    137
1651    142
1652    135
1653    138
1654    147
1655    143
1656    140
1657    144
1658    140
1659    134
1660    150
1661    143
1662    150
1663    139
1664    141
1665    151
1666    142
1667    149
1668    140
1669    135
1670    137
1671    144
1672    150
1673    141
1674    143
1675    139
1676    147
1677    148
1678    138
1679    141
1680    150
1681    140
1682    149
1683    145
1684    134
1685    135
1686    139
1687    144
1688    149
1689    144
1690    135
1691    139
1692    144
1693    134
1694    137
1695    135
1696    149
1697    139
1698    137
1699    138
1700    136
1701    134
1702    145
1703    140
1704    135
1705    145
1706    150
1707    136
1708    134
1709    138
1710    145
1711    135
1712    147
1713    144
1714    137
1715    146
1716    137
1717    144
1718    148
1719    134
1720    144
1721    136
1722    146
1723    139
1724    147
1725    144
1726    142
1727    145
1728    143
1729    136
1730    147
1731    134
1732    145
1733    138
1734    136
1735    136
1736    138
1737    134
1738    145
1739    151
1740    139
1741    141
1742    149
1743    136
1744    134
1745    138
1746    145
1747    135
1748    144
1749    146
1750    137
1751    140
1752    149
1753    142
1754    151
1755    135
1756    137
1757    146
1758    143
1759    137
1760    135
1761    144
1762    146
1763    134
1764    145
1765    134
1766    136
1767    142
1768    151
1769    147
1770    151
1771    137
1772    142
1773    146
1774    144
1775    139
1776    135
1777    149
1778    141
1779    143
1780    139
1781    148
1782    147
1783    149
1784    144
1785    135
1786    150
1787    139
1788    141
1789    137
1790    138
1791    140
1792    151
1793    142
1794    134
1795    145
1796    143
1797    138
1798    147
1799    136
1800    146
1801    137
1802    144
1803    135
1804    135
1805    146
1806    137
1807    144
1808    138
1809    140
1810    149
1811    142
1812    134
1813    145
1814    137
1815    150
1816    134
1817    138
1818    135
1819    137
1820    146
1821    144
1822    137
1823    146
1824    135
1825    148
1826    151
1827    143
1828    139
1829    141
1830    144
1831    134
1832    147
1833    134
1834    136
1835    145
1836    147
1837    135
1838    137
1839    146
1840    144
1841    135
1842    144
1843    137
1844    146
1845    148
1846    141
1847    150
1848    139
1849    143
1850    151
1851    141
1852    139
1853    146
1854    143
1855    135
1856    137
1857    136
1858    134
1859    145
1860    134
1861    145
1862    136
1863    136
1864    145
1865    134
1866    136
1867    134
1868    145
1869    135
1870    146
1871    137
1872    145
1873    134
1874    136
1875    142
1876    147
1877    138
1878    149
1879    144
1880    137
1881    135
1882    146
1883    134
1884    136
1885    145
1886    149
1887    151
1888    143
1889    140
1890    151
1891    149
1892    147
1893    134
1894    146
1895    136
1896    144
1897    146
1898    138
1899    135
1900    144
1901    134
1902    147
1903    139
1904    137
1905    137
1906    151
1907    149
1908    140
1909    138
1910    135
1911    148
1912    150
1913    141
1914    137
1915    145
1916    143
1917    136
1918    138
1919    139
1920    149
1921    141
1922    151
1923    137
1924    135
1925    141
1926    145
1927    140
1928    137
1929    148
1930    146
1931    148
1932    143
1933    138
1934    136
1935    136
1936    138
1937    145
1938    134
1939    146
1940    138
1941    136
1942    149
1943    149
1944    142
1945    151
1946    140
1947    140
1948    135
1949    148
1950    150
1951    142
1952    140
1953    148
1954    137
1955    146
1956    138
1957    136
1958    134
1959    149
1960    143
1961    139
1962    141
1963    142
1964    134
1965    136
1966    145
1967    151
1968    148
1969    137
1970    144
1971    134
1972    145
1973    138
1974    147
1975    142
1976    144
1977    137
1978    151
1979    135
1980    140
1981    146
1982    138
1983    134
1984    143
1985    148
1986    145
1987    137
1988    144
1989    149
1990    151
1991    139
1992    135
1993    147
1994    142
1995    147
1996    141
1997    139
1998    134
1999    138
2000    146
2001    140
2002    151
2003    144
2004    142
2005    148
2006    150
2007    148
2008    146
2009    134
2010    136
2011    139
2012    134
2013    148
2014    146
2015    138
2016    136
2017    140
2018    146
2019    148
2020    139
2021    150
2022    151
2023    143
2024    149
2025    142
2026    144
2027    151
2028    149
2029    151
2030    142
2031    144
2032    134
2033    140
2034    143
2035    145
2036    136
2037    142
2038    137
2039    150
2040    135
2041    151
2042    144
2043    149
2044    142
2045    134
2046    151
2047    144
2048    149
2049    140
2050    142
2051    136
2052    151
2053    143
2054    149
2055    151
2056    149
2057    144
2058    135
2059    137
2060    144
2061    150
2062    136
2063    143
2064    141
2065    134
2066    143
2067    138
2068    140
2069    135
2070    141
2071    146
2072    136
2073    139
2074    143
2075    148
2076    141
2077    146
2078    146
2079    136
2080    140
2081    138
2082    134
2083    141
2084    146
2085    136
2086    140
2087    135
2088    137
2089    143
2090    146
2091    148
2092    138
2093    150
2094    149
2095    142
2096    136
2097    144
2098    139
2099    146
2100    151
2101    134
2102    148
2103    135
2104    143
2105    137
2106    149
2107    141
2108    151
2109    134
2110    137
2111    143
2112    134
2113    136
2114    141
2115    142
2116    144
2117    149
2118    136
2119    138
2120    141
2121    135
2122    137
2123    139
2124    149
2125    142
2126    151
2127    151
2128    134
2129    144
2130    135
2131    140
2132    146
2133    138
2134    140
2135    135
2136    138
2137    145
2138    134
2139    147
2140    139
2141    136
2142    134
2143    136
2144    140
2145    138
2146    140
2147    137
2148    145
2149    135
2150    139
2151    135
2152    145
2153    147
2154    134
2155    136
2156    139
2157    141
2158    134
2159    136
2160    138
2161    140
2162    137
2163    150
2164    144
2165    142
2166    146
2167    148
2168    150
2169    143
2170    151
2171    142
2172    140
2173    149
2174    151
2175    149
2176    143
2177    141
2178    136
2179    139
2180    147
2181    134
2182    135
2183    139
2184    137
2185    147
2186    151
2187    147
2188    145
2189    149
2190    139
2191    141
2192    134
2193    147
2194    147
2195    145
2196    139
2197    141
2198    151
2199    137
2200    139
2201    134
2202    148
2203    146
2204    144
2205    142
2206    148
2207    144
2208    140
2209    136
2210    137
2211    143
2212    150
2213    139
2214    144
2215    134
2216    146
2217    140
2218    136
2219    134
2220    149
2221    142
2222    151
2223    142
2224    149
2225    150
2226    135
2227    147
2228    140
2229    148
2230    146
2231    134
2232    151
2233    143
2234    149
2235    145
2236    141
2237    151
2238    149
2239    140
2240    138
2241    141
2242    145
2243    139
2244    150
2245    134
2246    147
2247    136
2248    143
2249    147
2250    145
2251    142
2252    145
2253    147
2254    143
2255    134
2256    139
2257    137
2258    151
2259    143
2260    148
2261    147
2262    142
2263    134
2264    139
2265    134
2266    141
2267    142
2268    146
2269    149
2270    144
2271    150
2272    137
2273    135
2274    143
2275    141
2276    148
2277    145
2278    145
2279    138
2280    135
2281    150
2282    138
2283    146
2284    144
2285    142
2286    145
2287    141
2288    149
2289    151
2290    139
2291    143
2292    135
2293    137
2294    140
2295    148
2296    142
2297    150
2298    151
2299    146
2300    136
2301    134
2302    144
2303    142
2304    135
2305    137
2306    142
2307    150
2308    148
2309    146
2310    140
2311    134
2312    147
2313    144
2314    137
2315    150
2316    139
2317    143
2318    144
2319    138
2320    140
2321    151
2322    141
2323    147
2324    145
2325    135
2326    138
2327    149
2328    136
2329    151
2330    135
2331    142
2332    148
2333    137
2334    146
2335    150
2336    134
2337    138
2338    140
2339    151
2340    145
2341    136
2342    151
2343    147
2344    143
2345    139
2346    141
2347    149
2348    141
2349    146
2350    144
2351    135
2352    150
2353    145
2354    137
2355    139
2356    138
2357    151
2358    140
2359    149
2360    137
2361    143
2362    145
2363    150
2364    140
2365    135
2366    148
2367    144
2368    142
2369    138
2370    151
2371    141
2372    149
2373    146
2374    137
2375    135
2376    139
2377    150
2378    151
2379    134
2380    137
2381    149
2382    147
2383    143
2384    145
2385    141
2386    136
2387    150
2388    146
2389    140
2390    144
2391    137
2392    142
2393    147
2394    142
2395    136
2396    149
2397    138
2398    144
2399    146
2400    140
2401    134
2402    143
2403    151
2404    148
2405    139
2406    142
2407    144
2408    141
2409    134
2410    138
2411    136
2412    141
2413    143
2414    138
2415    137
2416    135
2417    142
2418    139
2419    148
2420    146
2421    144
2422    150
2423    134
2424    138
2425    141
2426    136
2427    141
2428    150
2429    144
2430    135
2431    148
2432    139
2433    146
2434    137
2435    138
2436    136
2437    150
2438    144
2439    151
2440    147
2441    143
2442    146
2443    148
2444    134
2445    139
2446    137
2447    151
2448    141
2449    136
2450    138
2451    150
2452    140
2453    136
2454    150
2455    146
2456    140
2457    138
2458    148
2459    146
2460    151
2461    145
2462    143
2463    136
2464    139
2465    151
2466    150
2467    137
2468    143
2469    139
2470    145
2471    135
2472    137
2473    139
2474    150
2475    134
2476    136
2477    138
2478    140
2479    134
2480    138
2481    136
2482    140
2483    138
2484    136
2485    142
2486    149
2487    148
2488    136
2489    146
2490    139
2491    141
2492    134
2493    150
2494    143
2495    134
2496    141
2497    144
2498    150
2499    137
2500    147
2501    151
2502    145
2503    151
2504    140
2505    145
2506    147
2507    148
2508    140
2509    143
2510    137
2511    136
2512    138
2513    142
2514    146
2515    149
2516    141
2517    139
2518    134
2519    141
2520    138
2521    143
2522    135
2523    144
2524    140
2525    150
2526    134
2527    137
2528    143
2529    141
2530    145
2531    151
2532    148
2533    139
2534    141
2535    138
2536    134
2537    151
2538    146
2539    148
2540    138
2541    144
2542    140
2543    142
2544    147
2545    145
2546    143
2547    150
2548    136
2549    134
2550    148
2551    151
2552    140
2553    151
2554    147
2555    136
2556    149
2557    144
2558    151
2559    134
2560    139
2561    141
2562    146
2563    150
2564    144
2565    148
2566    143
2567    137
2568    145
2569    147
2570    142
2571    137
2572    144
2573    148
2574    146
2575    135
2576    148
2577    140
2578    150
2579    143
2580    141
2581    149
2582    145
2583    151
2584    134
2585    147
2586    139
2587    136
2588    151
2589    142
2590    149
2591    147
2592    146
2593    136
2594    148
2595    150
2596    138
2597    140
2598    144
2599    134
2600    144
2601    141
2602    149
2603    138
2604    148
2605    150
2606    146
2607    140
2608    147
2609    134
2610    149
>>>>>>> 0514ea9fae0f841576757defb02235a9189b0fad
2611    141