<<<<<<< HEAD
Sector ID, Number of Neighbors Sectors, List of IDs
0 6 318 332 300 295 1 2 
1 3 300 2 0 
2 7 332 298 284 19 11 1 0 
3 8 419 390 364 359 357 352 5 4 
4 10 419 398 390 364 359 358 357 352 5 3 
5 10 398 390 364 363 359 353 352 89 4 3 
6 5 430 429 102 8 7 
7 8 267 84 430 231 389 157 8 6 
8 9 239 418 231 157 156 7 6 389 9 
9 6 419 418 239 157 400 8 
10 7 325 295 138 135 285 12 11 
11 7 284 138 2 135 285 12 10 
12 15 136 135 11 10 422 421 327 326 298 295 285 141 140 139 138 
13 11 411 405 414 406 404 403 382 361 360 16 14 
14 6 414 382 362 361 360 13 
15 8 411 338 360 353 89 88 44 16 
16 9 361 360 13 405 404 382 363 89 15 
17 10 317 282 54 425 423 314 310 301 19 18 
18 8 21 20 428 425 314 310 17 19 
19 10 56 54 2 425 310 302 301 300 17 18 
20 11 428 427 426 425 424 314 310 283 282 18 21 
21 10 428 426 425 424 314 310 283 161 18 20 
22 7 23 24 339 340 357 358 364 
23 4 22 24 340 358 
24 3 340 23 22 
25 9 394 373 356 380 379 378 409 160 26 
26 7 373 356 380 379 409 343 25 
27 6 283 200 427 28 206 204 
28 8 100 99 200 244 314 427 206 27 
29 5 536 586 289 31 30 
30 6 586 334 289 61 31 29 
31 4 586 289 30 29 
32 12 375 374 388 254 386 385 381 350 195 109 34 33 
33 8 374 386 381 370 369 109 34 32 
34 8 375 374 254 345 386 195 33 32 
35 9 111 267 231 389 157 156 84 37 36 
36 6 418 389 157 84 37 35 
37 5 158 157 84 36 35 
38 8 417 243 236 235 213 180 40 39 
39 8 249 247 213 212 182 180 40 38 
40 5 243 213 182 39 38 
41 3 256 199 42 
42 4 387 253 199 41 
43 10 419 390 398 88 400 353 352 351 45 44 
44 8 411 393 15 88 353 351 45 43 
45 6 410 393 392 353 44 43 
46 9 270 249 247 182 181 180 142 48 47 
47 5 190 188 181 48 46 
48 5 216 190 182 47 46 
49 8 113 112 59 367 366 337 158 50 
50 9 113 60 59 367 366 385 158 349 49 
51 8 69 202 244 161 315 428 53 52 
52 11 71 70 69 202 246 244 162 51 97 96 53 
53 5 202 163 161 51 52 
54 14 318 317 316 287 282 302 301 300 288 119 19 17 56 55 
55 8 597 310 302 300 288 284 56 54 
56 6 318 301 300 19 54 55 
57 8 396 375 372 371 383 379 362 58 
58 7 373 372 371 383 379 343 57 
59 5 337 108 50 49 60 
60 7 392 390 389 351 337 50 59 
61 6 30 586 334 289 101 62 
62 5 586 290 102 101 61 
63 5 261 226 225 220 64 
64 5 226 225 222 220 63 
65 9 537 287 119 597 586 308 291 289 66 
66 14 149 147 537 282 597 586 424 310 309 308 291 289 121 65 
67 7 303 645 646 307 306 647 68 
68 3 647 67 645 
69 7 244 202 200 71 70 52 51 
70 6 244 202 162 71 52 69 
71 7 215 214 162 96 52 70 69 
72 5 87 258 257 183 73 
73 3 433 183 72 
74 3 201 166 75 
75 6 152 201 166 187 186 74 
76 8 219 271 270 188 172 145 78 77 
77 6 219 188 172 170 78 76 
78 7 219 271 270 189 188 77 76 
79 3 399 339 80 
80 3 399 339 79 
81 8 321 320 87 260 204 183 83 82 
82 8 87 86 260 259 257 205 83 81 
83 8 321 87 259 206 205 204 81 82 
84 9 7 231 418 157 37 36 35 85 389 
85 5 418 157 351 389 84 
86 8 335 334 292 257 205 183 82 87 
87 17 335 321 320 293 260 259 257 206 205 204 125 124 83 82 81 72 86 
88 8 15 363 353 352 351 89 44 43 
89 8 5 16 15 404 364 363 353 88 
90 4 255 209 252 91 
91 10 129 128 193 191 255 210 209 252 90 251 
92 4 226 220 184 93 
93 5 250 226 221 220 92 
94 8 242 263 233 217 208 179 160 95 
95 6 217 233 208 207 179 94 
96 6 71 161 244 162 97 52 
97 6 207 246 244 162 52 96 
98 4 427 314 100 99 
99 8 427 314 283 206 200 28 100 98 
100 9 428 427 315 314 206 200 28 99 98 
101 3 102 62 61 
102 6 429 231 230 101 62 6 
103 3 341 340 104 
104 3 377 340 103 
105 7 379 376 375 347 355 107 106 
106 5 375 371 347 107 105 
107 5 371 379 355 106 105 
108 15 59 109 112 192 229 336 348 350 366 367 368 385 387 388 391 
109 20 388 338 336 415 414 362 361 350 349 348 393 391 386 385 33 382 381 370 108 32 
110 4 267 229 156 111 
111 5 267 157 156 110 35 
112 12 387 368 366 276 229 192 191 158 129 113 108 49 
113 10 391 368 367 366 349 336 192 112 50 49 
114 6 241 240 354 196 174 115 
115 4 241 354 196 114 
116 5 331 233 163 161 117 
117 5 331 168 167 163 116 
118 3 287 120 119 
119 8 65 54 295 598 288 287 120 118 
120 9 526 318 586 312 598 295 288 118 119 
121 6 66 335 309 424 123 122 
122 4 335 204 123 121 
123 7 282 335 310 424 124 121 122 
124 8 321 320 87 283 282 123 204 125 
125 8 321 320 87 283 282 206 204 124 
126 4 374 196 195 127 
127 5 376 375 374 195 126 
128 9 229 275 251 250 221 191 156 129 91 
129 13 112 229 197 193 158 368 366 276 387 192 191 91 128 
130 6 134 133 189 256 132 131 
131 6 134 281 280 256 132 130 
132 5 189 280 256 130 131 
133 5 277 219 189 134 130 
134 5 278 189 133 131 130 
135 18 10 11 12 136 137 138 139 140 141 284 285 295 296 298 326 327 421 422 
136 14 12 135 137 139 285 295 296 297 298 299 327 332 421 422 
137 12 136 135 327 325 297 296 422 332 298 295 285 138 
138 16 11 10 135 12 327 326 325 420 421 288 422 332 298 295 285 137 
139 9 136 135 12 327 326 285 422 141 140 
140 7 135 12 326 296 285 141 139 
141 8 135 12 327 421 296 285 139 140 
142 10 46 176 249 247 227 154 153 212 416 143 
143 8 176 249 247 154 417 416 146 142 
144 7 225 176 248 227 416 146 145 
145 9 218 176 248 227 76 188 416 146 144 
146 8 176 248 247 188 143 416 145 144 
147 10 335 334 309 308 291 290 289 66 149 148 
148 6 292 335 291 257 149 147 
149 8 292 335 309 308 291 66 147 148 
150 6 262 259 165 164 152 151 
151 7 433 262 225 175 165 152 150 
152 10 417 416 262 187 175 166 165 151 150 75 
153 8 234 417 235 211 165 142 155 154 
154 10 165 247 417 416 212 211 143 142 155 153 
155 5 235 234 211 153 154 
156 11 430 111 110 128 267 229 231 158 157 35 8 
157 15 430 111 267 231 389 158 156 85 84 37 36 35 9 8 7 
158 9 112 229 129 50 276 49 157 156 37 
159 7 242 240 264 263 217 378 160 
160 13 394 242 240 264 217 94 272 380 378 224 223 25 159 
161 14 116 21 310 202 96 428 425 333 331 330 53 51 163 162 
162 10 71 70 207 202 246 52 97 96 163 161 
163 9 117 116 168 167 53 331 233 161 162 
164 8 150 262 260 259 206 205 166 165 
165 14 152 151 150 262 261 234 154 175 225 153 417 211 166 164 
166 10 152 234 417 211 187 186 75 74 165 164 
167 4 117 163 169 168 
168 6 117 233 214 163 169 167 
169 5 233 215 214 167 168 
170 7 227 219 226 77 222 171 172 
171 6 210 209 222 221 170 172 
172 7 219 271 77 76 189 171 170 
173 8 174 189 194 196 278 280 281 354 
174 4 240 114 196 173 
175 9 152 151 262 417 416 235 234 176 165 
176 10 417 416 227 218 175 146 145 144 143 142 
177 8 243 216 182 245 244 187 179 178 
178 4 216 182 179 177 
179 14 263 243 95 94 208 207 217 216 182 246 245 233 177 178 
180 12 46 235 218 270 249 248 39 38 213 212 182 181 
181 8 47 46 270 190 188 212 182 180 
182 14 48 46 246 245 243 190 40 39 216 179 178 177 181 180 
183 15 86 261 260 81 73 72 268 258 257 433 431 335 334 185 184 
184 12 274 273 268 92 226 228 231 433 250 220 185 183 
185 5 261 258 220 184 183 
186 4 75 166 187 243 
187 6 152 166 243 177 75 186 
188 15 47 219 218 271 270 248 227 78 77 76 181 146 145 190 189 
189 12 134 133 132 130 279 278 277 78 173 172 190 188 
190 10 48 47 279 243 233 216 182 181 188 189 
191 10 112 387 129 128 229 255 251 192 91 193 
192 10 113 112 368 366 387 129 198 191 108 193 
193 6 129 251 197 91 191 192 
194 8 254 278 281 280 253 173 196 195 
195 12 127 126 374 388 254 253 338 34 32 199 196 194 
196 12 126 242 241 115 114 376 378 354 174 173 194 195 
197 7 256 255 129 193 251 199 198 
198 6 388 387 192 251 199 197 
199 14 242 42 41 256 374 388 387 281 254 253 195 378 198 197 
200 13 100 99 69 321 283 259 314 244 206 28 27 202 201 
201 7 283 427 206 75 74 202 200 
202 14 70 69 259 331 206 53 52 51 244 233 162 161 201 200 
203 3 238 265 413 
204 14 321 320 87 83 81 282 259 335 122 125 206 205 124 27 
205 9 87 86 83 82 259 257 164 206 204 
206 18 100 99 321 87 83 283 259 201 200 164 202 314 427 125 28 27 205 204 
207 8 95 246 243 233 179 162 97 208 
208 9 263 243 95 94 246 233 217 179 207 
209 8 255 252 222 221 171 91 90 210 
210 4 255 171 91 209 
211 11 262 235 234 155 154 153 417 166 165 213 212 
212 10 247 235 234 154 39 181 180 142 213 211 
213 9 247 236 235 40 39 38 180 212 211 
214 5 71 169 168 233 215 
215 4 71 169 223 214 
216 10 48 243 190 246 245 182 179 178 177 217 
217 13 242 240 264 263 95 378 160 94 208 245 179 159 216 
218 7 270 227 219 188 180 176 145 
219 10 133 271 270 218 188 172 170 78 77 76 
220 12 64 63 261 93 92 226 433 185 184 250 222 221 
221 12 274 93 226 128 229 209 252 220 171 251 250 222 
222 7 64 226 209 220 171 170 221 
223 4 215 342 160 224 
224 7 264 272 383 380 342 160 223 
225 9 151 64 63 261 144 416 227 226 165 
226 12 273 64 63 93 92 227 184 225 222 221 220 170 
227 11 170 218 176 416 270 226 225 188 145 144 142 
228 7 274 269 267 266 250 184 229 
229 16 112 158 129 128 368 110 276 275 267 251 250 221 191 156 108 228 
230 5 268 432 102 232 231 
231 15 430 429 418 84 267 266 184 157 156 102 35 8 7 232 230 
232 8 431 429 269 268 266 432 231 230 
233 14 94 95 116 163 168 169 179 190 202 207 208 214 246 331 
234 10 166 165 155 153 175 417 212 211 236 235 
235 11 180 155 175 417 213 212 211 153 38 236 234 
236 6 417 243 213 38 234 235 
237 3 578 239 238 
238 3 239 237 203 
239 5 8 400 238 237 9 
240 8 354 114 217 174 160 159 242 241 
241 8 378 356 354 196 115 114 242 240 
242 11 378 307 264 196 217 199 160 159 94 240 241 
243 19 246 245 233 214 95 94 216 208 182 179 177 236 190 40 38 207 244 187 186 
244 14 70 69 200 243 202 314 52 51 28 177 97 96 246 245 
245 8 243 182 217 216 179 177 246 244 
246 12 243 182 208 207 216 52 233 179 162 97 244 245 
247 11 46 416 249 248 213 212 154 146 143 142 39 
248 7 249 247 188 180 146 145 144 
249 7 46 248 247 180 143 142 39 
250 10 274 93 128 229 228 184 220 252 221 251 
251 12 91 128 191 193 197 198 221 229 250 252 255 387 
252 7 255 209 251 250 221 91 90 
253 7 42 281 256 254 195 194 199 
254 9 194 374 345 281 195 34 32 253 199 
255 9 197 90 191 252 251 210 209 91 256 
256 9 41 199 197 280 253 132 131 130 255 
257 14 293 292 87 86 260 82 148 72 335 334 205 183 259 258 
258 7 261 260 72 185 183 259 257 
259 14 150 87 262 260 83 82 206 205 204 202 200 164 258 257 
260 10 87 262 261 259 258 257 183 82 81 164 
261 9 63 262 258 185 183 260 225 220 165 
262 10 152 151 150 259 261 260 211 175 165 164 
263 6 264 217 208 179 159 94 
264 10 394 242 380 378 272 263 224 217 160 159 
265 2 413 203 
266 8 274 273 269 268 232 231 228 267 
267 12 274 7 430 111 110 231 229 228 157 156 35 266 
268 8 433 432 269 266 232 230 184 183 
269 5 273 268 266 232 228 
270 10 46 219 218 227 188 181 180 78 76 271 
271 6 219 188 172 78 76 270 
272 4 264 319 224 160 
273 7 433 274 228 226 269 266 184 
274 9 433 432 250 221 273 267 266 228 184 
275 3 276 229 128 
276 6 112 366 275 229 158 129 
277 4 133 279 278 189 
278 6 134 279 194 277 189 173 
279 4 278 277 190 189 
280 6 194 256 173 132 131 281 
281 7 194 254 253 199 173 131 280 
282 20 320 318 317 20 427 426 425 424 423 310 309 308 204 125 124 123 66 54 17 283 
283 15 99 321 320 21 20 427 426 314 206 201 200 125 124 27 282 
284 12 333 11 55 2 310 135 296 285 295 332 428 288 
285 25 312 136 135 11 10 12 327 326 325 420 140 141 421 294 296 422 332 298 295 284 139 138 137 598 297 
286 11 287 288 294 295 311 322 323 324 531 563 598 
287 13 526 524 65 54 294 118 323 286 596 119 598 597 288 
288 18 318 317 316 312 311 55 54 586 326 120 138 286 284 119 295 598 597 287 
289 16 147 537 536 66 65 31 30 29 597 596 586 334 308 291 290 61 
290 7 147 586 335 334 291 289 62 
291 13 149 148 147 66 65 586 335 334 310 309 308 290 289 
292 7 335 334 257 149 148 86 293 
293 4 335 257 87 292 
294 9 287 312 311 296 598 332 286 285 295 
295 25 318 312 311 0 10 136 135 12 327 326 325 120 297 286 598 138 285 137 332 284 119 298 288 296 294 
296 17 312 294 136 135 327 326 422 140 141 332 299 298 297 285 284 137 295 
297 9 136 327 285 332 299 296 295 137 298 
298 13 2 12 135 136 137 138 285 295 296 297 299 327 422 
299 6 136 296 297 298 327 422 
300 9 318 56 55 54 1 0 19 302 301 
301 7 56 54 19 17 310 302 300 
302 6 55 54 19 310 300 301 
303 7 328 67 319 645 305 306 304 
304 7 329 328 319 305 306 313 303 
305 3 329 303 304 
306 6 646 319 67 304 645 303 
307 4 242 645 67 648 
308 13 317 149 147 282 66 65 291 289 597 586 423 310 309 
309 10 149 147 282 66 291 335 424 121 310 308 
310 22 317 21 20 428 282 55 66 19 18 17 291 425 424 423 315 302 301 284 123 161 309 308 
311 10 531 323 598 324 322 295 294 288 286 312 
312 9 325 332 296 295 294 288 285 120 311 
313 4 329 328 319 304 
314 16 100 99 98 21 20 283 426 18 17 200 244 428 427 206 28 315 
315 5 100 310 428 51 314 
316 5 597 288 54 318 317 
317 8 310 308 288 282 54 17 318 316 
318 11 598 300 295 288 282 120 56 54 0 317 316 
319 7 329 328 272 306 304 303 313 
320 9 335 87 283 282 204 125 124 81 321 
321 11 335 87 283 206 204 200 125 124 83 81 320 
322 6 311 598 563 324 286 323 
323 6 311 287 598 324 286 322 
324 7 531 311 563 322 323 286 598 
325 8 312 10 295 285 138 137 327 326 
326 15 135 12 422 421 420 332 296 295 288 285 140 139 138 327 325 
327 18 136 135 12 598 422 421 299 298 297 296 295 285 141 139 138 137 325 326 
328 5 319 313 304 303 329 
329 5 319 313 305 304 328 
330 3 161 333 331 
331 7 116 202 163 161 428 233 330 
332 16 312 2 0 136 598 326 297 294 296 428 138 285 137 295 284 333 
333 5 284 161 330 428 332 
334 12 292 86 147 257 30 291 290 289 61 586 335 183 
335 21 86 87 121 122 123 147 148 149 183 204 257 290 291 292 293 309 320 321 334 424 431 
336 12 113 366 348 410 391 386 385 349 109 108 338 337 
337 15 60 59 410 351 349 49 412 401 393 392 391 386 369 338 336 
338 16 412 411 406 403 15 410 402 401 393 392 386 369 195 109 336 337 
339 8 22 399 359 358 341 340 80 79 
340 10 24 23 22 377 358 344 341 339 104 103 
341 4 383 340 339 103 
342 6 395 372 379 383 362 343 
343 13 395 394 383 373 58 356 384 380 379 409 408 342 26 
344 3 506 377 340 
345 9 375 374 254 412 386 370 34 347 346 
346 11 397 396 375 415 386 382 381 362 360 347 345 
347 6 397 375 106 105 346 345 
348 9 368 336 388 387 391 109 108 350 349 
349 14 113 368 367 392 388 351 337 50 336 391 385 109 350 348 
350 8 374 388 385 32 109 108 349 348 
351 16 60 389 349 337 398 357 392 88 44 43 400 390 363 85 353 352 
352 13 5 4 3 398 357 88 43 400 390 364 363 353 351 
353 14 5 393 411 410 15 89 88 45 44 43 404 363 352 351 
354 9 241 240 115 114 376 196 173 356 355 
355 10 376 375 373 371 107 105 408 379 356 354 
356 10 241 373 409 379 378 343 26 25 355 354 
357 11 3 4 22 351 352 358 359 364 390 398 419 
358 8 4 23 22 364 359 357 340 339 
359 9 5 4 3 398 390 364 358 357 339 
360 18 396 346 415 414 412 411 406 404 403 402 382 381 362 361 16 15 14 13 
361 14 415 414 411 406 405 404 382 365 362 109 16 360 14 13 
362 16 397 396 372 346 57 415 414 411 382 379 365 342 109 361 360 14 
363 10 5 16 89 88 353 352 351 364 365 405 
364 14 5 4 3 22 398 359 358 357 89 352 390 363 365 405 
365 6 362 361 406 364 363 405 
366 13 113 112 391 387 336 276 192 129 108 50 49 368 367 
367 8 113 391 349 108 50 49 368 366 
368 11 113 112 387 349 348 229 192 129 108 367 366 
369 7 338 337 401 386 381 370 33 
370 6 345 386 381 109 369 33 
371 9 375 379 355 107 106 58 57 373 372 
372 11 397 384 383 408 379 342 362 58 57 373 371 
373 15 395 394 380 25 409 408 384 379 356 355 343 26 58 371 372 
374 12 127 126 350 254 199 195 345 34 33 32 376 375 
375 16 127 415 412 381 355 371 347 346 345 106 105 57 34 32 376 374 
376 8 127 355 379 354 196 105 374 375 
377 3 344 340 104 
378 13 394 242 241 264 217 196 199 356 160 159 25 380 379 
379 23 25 26 57 58 105 107 342 343 355 356 362 371 372 373 376 378 380 383 384 396 397 407 408 
380 11 395 394 264 373 224 160 343 26 25 379 378 
381 12 375 346 412 403 386 382 109 370 369 360 33 32 
382 16 396 386 346 415 414 406 404 403 109 16 381 362 361 360 14 13 
383 11 395 372 379 343 58 57 409 408 341 342 384 
384 6 395 372 373 379 343 383 
385 10 50 388 336 350 349 391 32 109 108 386 
386 20 412 403 382 346 345 338 337 336 415 411 410 401 381 370 369 34 33 32 109 385 
387 13 112 42 368 366 251 199 198 348 192 191 129 108 388 
388 11 349 199 198 195 32 385 350 348 109 108 387 
389 12 7 8 35 36 60 84 85 157 351 390 418 419 
390 15 60 5 4 3 43 419 418 398 359 357 352 351 400 364 389 
391 12 113 367 366 337 336 349 348 385 109 108 393 392 
392 9 60 349 338 337 410 351 45 393 391 
393 10 411 353 44 338 337 410 109 45 391 392 
394 8 373 264 160 380 378 343 25 395 
395 7 373 384 383 380 343 342 394 
396 8 415 379 382 362 360 346 57 397 
397 6 379 372 362 347 346 396 
398 11 5 4 352 400 399 390 364 351 43 359 357 
399 4 398 339 80 79 
400 8 419 398 239 43 352 351 390 9 
401 6 338 337 369 386 403 402 
402 7 338 360 412 411 410 403 401 
403 10 386 338 414 360 13 412 382 381 401 402 
404 9 361 360 13 16 89 353 382 406 405 
405 9 13 414 361 16 406 404 363 364 365 
406 11 415 338 414 361 360 13 411 382 365 404 405 
407 3 379 409 408 
408 8 373 372 355 379 383 409 407 343 
409 8 373 356 383 408 407 343 26 25 
410 11 337 338 336 402 393 392 386 353 45 412 411 
411 14 13 393 338 44 15 362 361 360 406 402 386 353 412 410 
412 11 386 338 375 345 337 360 381 403 402 410 411 
413 2 203 265 
414 11 415 406 405 403 109 382 362 361 360 14 13 
415 11 396 406 375 346 386 109 414 382 362 361 360 
416 13 152 417 176 175 247 227 225 154 143 142 146 145 144 
417 14 152 416 176 175 236 235 234 154 153 38 211 166 165 143 
418 9 231 390 389 85 84 36 9 8 419 
419 9 4 3 43 357 400 390 389 9 418 
420 5 326 285 138 422 421 
421 10 136 135 12 327 326 141 285 138 422 420 
422 14 136 135 12 327 326 296 299 137 138 285 298 139 420 421 
423 7 282 17 308 310 426 425 424 
424 12 21 20 282 66 335 309 310 123 121 426 425 423 
425 12 21 20 282 19 18 17 310 161 426 428 423 424 
426 10 21 20 283 282 314 423 425 424 428 427 
427 13 100 99 98 20 283 282 201 314 206 28 27 428 426 
428 16 18 20 21 51 100 161 284 310 314 315 331 332 333 425 426 427 
429 5 430 232 231 102 6 
430 7 429 267 231 157 156 7 6 
431 5 232 433 432 335 183 
432 6 274 268 232 230 433 431 
433 10 151 274 273 73 268 220 432 431 184 183 
434 10 485 471 452 475 474 436 435 522 472 451 
435 8 468 485 481 434 522 480 451 436 
436 7 485 506 480 472 451 434 435 
437 15 516 515 508 507 519 514 513 505 503 497 496 522 467 439 438 
438 9 508 519 511 504 497 482 466 439 437 
439 18 458 509 508 521 519 477 499 505 497 484 482 481 461 460 459 444 438 437 
440 15 458 457 516 515 512 511 510 507 505 477 459 454 446 441 442 
441 13 458 440 521 516 511 509 507 484 477 455 450 446 442 
442 14 458 521 512 511 509 505 497 484 477 446 444 443 440 441 
443 7 442 500 512 511 505 484 444 
444 7 509 442 521 505 484 443 439 
445 8 457 456 450 512 510 484 447 446 
446 11 458 457 440 442 441 521 450 512 484 447 445 
447 6 478 512 486 484 446 445 
448 6 510 523 517 486 450 449 
449 7 476 510 523 486 481 450 448 
450 13 487 458 441 510 523 518 517 486 472 446 445 448 449 
451 16 468 486 485 506 481 475 474 453 452 436 435 522 480 473 472 434 
452 10 510 469 468 486 485 472 434 480 451 453 
453 4 485 518 451 452 
454 7 440 515 476 523 510 496 455 
455 14 457 516 515 507 441 476 523 511 510 500 497 496 459 454 
456 6 512 511 484 445 458 457 
457 11 523 512 511 478 477 455 446 445 440 458 456 
458 12 521 512 505 484 450 446 442 441 440 439 457 456 
459 13 440 515 509 521 455 505 484 483 482 481 461 460 439 
460 11 439 459 461 481 482 483 484 501 504 508 520 
461 11 509 521 504 497 484 483 482 481 460 459 439 
462 2 464 463 
463 4 485 479 464 462 
464 4 485 479 463 462 
465 5 499 505 497 467 466 
466 8 499 505 504 497 482 467 465 438 
467 10 516 514 499 498 505 497 482 466 465 437 
468 8 522 485 481 472 452 451 435 469 
469 4 522 485 452 468 
470 4 522 506 472 471 
471 5 434 522 480 472 470 
472 16 498 450 468 486 482 518 452 481 475 436 522 480 471 470 451 434 
473 6 485 475 474 506 480 451 
474 6 522 480 473 451 434 475 
475 8 485 506 480 473 472 451 434 474 
476 9 523 511 510 496 455 454 449 478 477 
477 13 457 440 509 442 441 512 511 510 505 484 439 478 476 
478 7 457 512 511 510 447 477 476 
479 5 463 464 480 481 485 
480 15 435 436 451 452 471 472 473 474 475 479 481 485 506 522 523 
481 15 449 468 485 461 460 459 439 523 506 435 522 472 451 480 479 
482 20 438 439 459 460 461 466 467 472 483 484 488 489 495 501 503 505 511 520 522 523 
483 7 501 523 484 482 461 460 459 
484 28 487 458 456 509 508 507 442 441 521 477 512 505 503 486 523 522 518 483 482 461 460 459 447 446 445 444 443 439 
485 17 453 469 468 522 481 480 479 475 473 464 463 452 451 436 435 434 486 
486 18 487 521 500 450 449 448 512 510 523 522 518 517 484 472 452 451 447 485 
487 5 512 500 486 484 450 
488 4 495 494 482 489 
489 4 503 494 482 488 
490 2 492 491 
491 2 492 490 
492 2 490 491 
493 2 495 494 
494 4 489 488 495 493 
495 6 522 488 482 506 494 493 
496 14 515 507 476 514 455 454 500 499 498 510 503 523 437 497 
497 19 516 515 507 442 519 455 499 511 505 503 523 467 466 465 461 439 438 437 496 
498 8 513 523 505 496 472 467 500 499 
499 15 519 514 513 523 505 504 503 497 496 467 466 465 439 498 500 
500 10 487 509 521 455 523 496 486 443 498 499 
501 3 483 482 460 
502 0 
503 12 514 513 499 523 497 496 489 484 482 437 505 504 
504 7 499 466 461 460 438 505 503 
505 28 458 440 516 509 507 442 521 519 477 514 513 499 498 512 523 497 484 482 467 466 465 459 444 443 439 437 504 503 
506 10 344 481 451 475 436 470 480 473 522 495 
507 14 440 521 516 515 511 505 497 496 484 455 441 437 509 508 
508 11 523 521 519 511 484 460 439 438 437 509 507 
509 14 521 511 505 500 484 477 461 459 444 442 441 439 507 508 
510 18 440 478 477 476 450 449 448 455 454 523 522 518 496 486 452 445 512 511 
511 21 457 456 440 516 509 508 507 442 441 521 478 477 476 455 523 497 482 443 438 512 510 
512 18 487 458 457 456 440 442 521 478 477 505 486 484 447 446 445 443 511 510 
513 7 522 505 503 499 498 437 514 
514 9 523 522 505 503 499 496 467 437 513 
515 10 440 523 507 497 496 459 455 454 437 516 
516 12 440 521 519 511 507 505 497 467 455 441 437 515 
517 4 450 448 486 518 
518 7 450 510 486 484 472 453 517 
519 10 516 508 505 499 497 439 438 437 521 520 
520 4 482 460 521 519 
521 20 458 516 509 508 507 442 441 512 511 505 500 486 484 461 459 446 444 439 519 520 
522 22 434 435 437 451 468 469 470 471 472 474 480 481 482 484 485 486 495 506 510 513 514 523 
523 26 448 449 450 454 455 457 476 480 481 482 483 484 486 496 497 498 499 500 503 505 508 510 511 514 515 522 
524 6 596 585 584 287 526 525 
525 5 596 586 584 524 526 
526 7 598 596 586 287 120 524 525 
527 8 569 603 572 571 562 555 554 528 
528 7 569 572 562 560 558 554 527 
529 6 560 589 563 559 531 530 
530 3 589 531 529 
531 8 589 563 559 324 311 286 529 530 
532 4 558 533 589 534 
533 5 588 559 532 589 534 
534 6 560 559 558 533 532 589 
535 5 586 585 584 537 536 
536 5 586 289 29 537 535 
537 7 597 586 289 66 65 535 536 
538 2 540 539 
539 6 544 561 556 570 538 540 
540 3 556 538 539 
541 4 561 564 543 542 
542 5 561 603 564 543 541 
543 3 541 542 603 
544 9 587 570 567 565 564 556 539 546 545 
545 10 601 587 571 570 568 567 565 557 546 544 
546 8 571 570 565 564 562 548 544 545 
547 5 602 565 548 549 603 
548 8 546 572 570 562 553 549 547 565 
549 10 547 548 553 555 561 562 565 572 602 603 
550 6 551 552 573 590 591 600 
551 7 600 583 574 573 591 550 552 
552 8 550 551 573 574 583 585 591 592 
553 9 603 565 572 570 562 549 548 555 554 
554 9 569 528 527 558 562 572 571 555 553 
555 8 527 602 603 562 549 572 553 554 
556 9 544 601 567 539 570 558 540 587 557 
557 13 595 594 593 545 568 567 601 575 573 592 587 556 571 
558 14 569 568 528 575 556 554 589 571 563 562 534 532 560 559 
559 8 531 529 589 563 534 533 560 558 
560 9 528 529 534 558 559 562 563 572 589 
561 9 603 602 564 549 542 541 539 563 562 
562 22 527 528 546 548 549 553 554 555 558 560 561 563 565 567 568 569 571 572 587 589 602 603 
563 12 531 529 560 559 558 324 598 322 589 286 561 562 
564 9 546 544 561 602 603 570 565 542 541 
565 16 544 545 546 547 548 549 553 562 564 567 570 571 572 587 602 603 
566 0 
567 11 595 545 544 556 587 571 565 562 557 569 568 
568 9 545 601 587 571 562 558 557 569 567 
569 9 572 571 562 558 554 528 527 567 568 
570 12 546 545 544 556 539 565 564 587 572 553 548 571 
571 14 546 545 569 568 567 527 558 565 587 572 554 562 557 570 
572 14 527 528 548 549 553 554 555 560 562 565 569 570 571 603 
573 15 550 551 552 557 574 575 581 585 590 591 592 593 594 600 601 
574 9 581 578 583 588 585 552 551 575 573 
575 13 595 594 593 601 583 558 592 588 587 585 557 573 574 
576 2 578 577 
577 2 578 576 
578 7 237 574 586 585 581 577 576 
579 3 599 582 580 
580 2 599 579 
581 7 600 574 585 578 573 591 582 
582 2 579 581 
583 7 588 585 575 574 552 551 584 
584 8 525 524 535 596 588 586 585 583 
585 13 524 535 584 583 581 578 575 574 573 596 552 588 586 
586 24 526 525 537 536 535 584 120 66 65 31 30 29 578 291 290 289 62 61 334 308 288 596 585 597 
587 20 595 594 593 545 544 568 567 601 600 599 575 590 565 571 570 589 562 557 556 588 
588 10 595 594 533 584 583 575 574 585 589 587 
589 13 531 530 529 560 559 558 563 562 588 587 533 532 534 
590 7 593 600 573 587 550 592 591 
591 7 550 551 552 573 581 590 592 
592 9 552 557 573 575 590 591 593 594 601 
593 10 601 600 592 590 587 575 573 557 595 594 
594 9 601 592 588 587 575 573 557 593 595 
595 8 601 588 587 575 567 557 593 594 
596 10 526 525 524 584 289 585 598 597 586 287 
597 12 316 537 55 66 65 289 308 596 288 586 598 287 
598 19 526 318 311 332 327 322 563 120 294 323 295 596 286 285 119 288 324 597 287 
599 5 587 580 579 601 600 
600 9 593 590 587 581 573 551 550 601 599 
601 13 595 594 593 545 556 568 592 587 575 573 557 599 600 
602 8 561 603 565 564 562 555 549 547 
603 13 527 542 543 547 549 553 555 561 562 564 565 572 602 
604 3 606 605 641 
605 8 604 606 624 626 639 641 661 666 
606 2 605 604 
607 6 638 637 636 617 609 608 
608 5 638 637 633 609 607 
609 4 638 620 607 608 
610 2 693 664 
611 4 612 613 659 616 
612 4 660 659 611 613 
613 5 659 612 611 653 660 
614 2 616 615 
615 2 616 614 
616 4 660 611 614 615 
617 3 607 636 707 
618 3 666 619 665 
619 3 618 666 665 
620 4 609 642 638 621 
621 4 644 642 638 620 
622 4 666 665 661 623 
623 7 675 674 666 661 640 639 622 
624 7 676 666 641 639 605 626 625 
625 7 676 666 641 640 639 626 624 
626 4 641 605 624 625 
627 6 630 704 703 702 628 629 
628 4 630 704 629 627 
629 4 631 630 628 627 
630 6 704 629 628 627 632 631 
631 4 708 629 632 630 
632 6 710 709 708 672 630 631 
633 5 608 638 637 635 634 
634 4 638 637 635 633 
635 4 638 637 633 634 
636 4 607 617 638 637 
637 7 608 607 635 634 633 636 638 
638 11 609 608 607 621 620 635 634 633 637 636 642 
639 10 605 623 624 625 640 641 661 665 666 675 
640 7 623 625 639 641 661 665 666 
641 11 604 605 624 625 626 639 640 661 665 666 676 
642 6 701 621 620 644 638 643 
643 3 701 642 644 
644 4 621 701 643 642 
645 6 307 67 303 306 646 68 
646 5 648 67 645 647 306 
647 5 68 648 649 646 67 
648 4 646 647 649 307 
649 3 648 647 650 
650 3 649 652 651 
651 2 652 650 
652 4 651 658 657 650 
653 3 613 659 660 
654 5 689 688 684 656 655 
655 4 688 684 656 654 
656 3 688 655 654 
657 2 658 652 
658 4 657 706 652 705 
659 7 653 613 612 666 660 661 611 
660 6 653 612 661 659 616 613 
661 11 674 623 622 666 641 660 659 665 605 639 640 
662 4 682 664 663 691 
663 4 682 679 662 664 
664 3 663 662 610 
665 8 622 618 661 640 641 666 639 619 
666 14 605 618 619 622 623 624 625 639 640 641 659 661 665 674 
667 2 669 668 
668 2 669 667 
669 2 667 668 
670 1 686 
671 4 702 672 695 673 
672 6 632 671 673 708 709 710 
673 5 690 696 695 672 671 
674 5 666 661 623 676 675 
675 4 639 623 676 674 
676 5 641 625 624 674 675 
677 4 682 681 679 678 
678 4 682 681 679 677 
679 3 663 678 677 
680 4 682 681 685 683 
681 6 678 677 682 680 685 683 
682 7 663 662 678 677 683 681 680 
683 5 682 685 681 680 684 
684 9 655 654 683 685 688 697 687 689 699 
685 9 689 687 684 683 699 698 697 681 680 
686 1 670 
687 4 685 689 688 684 
688 7 655 654 656 687 689 697 684 
689 7 685 654 684 688 698 697 687 
690 4 691 673 696 695 
691 2 690 662 
692 2 694 693 
693 3 610 694 692 
694 2 692 693 
695 4 696 690 673 671 
696 3 695 690 673 
697 6 699 689 685 688 684 698 
698 4 689 685 697 699 
699 4 697 698 685 684 
700 2 701 703 
701 4 643 642 700 644 
702 4 671 627 704 703 
703 4 627 704 702 700 
704 5 630 628 627 703 702 
705 3 706 658 707 
706 3 658 707 705 
707 3 617 706 705 
708 5 632 631 672 710 709 
709 4 632 672 710 708 
710 4 632 672 709 708 
=======
Sector ID, Number of Neighbors Sectors, List of IDs
0 6 318 332 300 295 1 2 
1 3 300 2 0 
2 7 332 298 284 19 11 1 0 
3 8 419 390 364 359 357 352 5 4 
4 10 419 398 390 364 359 358 357 352 5 3 
5 10 398 390 364 363 359 353 352 89 4 3 
6 5 430 429 102 8 7 
7 8 267 84 430 231 389 157 8 6 
8 9 239 418 231 157 156 7 6 389 9 
9 6 419 418 239 157 400 8 
10 7 325 295 138 135 285 12 11 
11 7 284 138 2 135 285 12 10 
12 15 136 135 11 10 422 421 327 326 298 295 285 141 140 139 138 
13 11 411 405 414 406 404 403 382 361 360 16 14 
14 6 414 382 362 361 360 13 
15 8 411 338 360 353 89 88 44 16 
16 9 361 360 13 405 404 382 363 89 15 
17 10 317 282 54 425 423 314 310 301 19 18 
18 8 21 20 428 425 314 310 17 19 
19 10 56 54 2 425 310 302 301 300 17 18 
20 11 428 427 426 425 424 314 310 283 282 18 21 
21 10 428 426 425 424 314 310 283 161 18 20 
22 7 23 24 339 340 357 358 364 
23 4 22 24 340 358 
24 3 340 23 22 
25 9 394 373 356 380 379 378 409 160 26 
26 7 373 356 380 379 409 343 25 
27 6 283 200 427 28 206 204 
28 8 100 99 200 244 314 427 206 27 
29 5 536 586 289 31 30 
30 6 586 334 289 61 31 29 
31 4 586 289 30 29 
32 12 375 374 388 254 386 385 381 350 195 109 34 33 
33 8 374 386 381 370 369 109 34 32 
34 8 375 374 254 345 386 195 33 32 
35 9 111 267 231 389 157 156 84 37 36 
36 6 418 389 157 84 37 35 
37 5 158 157 84 36 35 
38 8 417 243 236 235 213 180 40 39 
39 8 249 247 213 212 182 180 40 38 
40 5 243 213 182 39 38 
41 3 256 199 42 
42 4 387 253 199 41 
43 10 419 390 398 88 400 353 352 351 45 44 
44 8 411 393 15 88 353 351 45 43 
45 6 410 393 392 353 44 43 
46 9 270 249 247 182 181 180 142 48 47 
47 5 190 188 181 48 46 
48 5 216 190 182 47 46 
49 8 113 112 59 367 366 337 158 50 
50 9 113 60 59 367 366 385 158 349 49 
51 8 69 202 244 161 315 428 53 52 
52 11 71 70 69 202 246 244 162 51 97 96 53 
53 5 202 163 161 51 52 
54 14 318 317 316 287 282 302 301 300 288 119 19 17 56 55 
55 8 597 310 302 300 288 284 56 54 
56 6 318 301 300 19 54 55 
57 8 396 375 372 371 383 379 362 58 
58 7 373 372 371 383 379 343 57 
59 5 337 108 50 49 60 
60 7 392 390 389 351 337 50 59 
61 6 30 586 334 289 101 62 
62 5 586 290 102 101 61 
63 5 261 226 225 220 64 
64 5 226 225 222 220 63 
65 9 537 287 119 597 586 308 291 289 66 
66 14 149 147 537 282 597 586 424 310 309 308 291 289 121 65 
67 7 303 645 646 307 306 647 68 
68 3 647 67 645 
69 7 244 202 200 71 70 52 51 
70 6 244 202 162 71 52 69 
71 7 215 214 162 96 52 70 69 
72 5 87 258 257 183 73 
73 3 433 183 72 
74 3 201 166 75 
75 6 152 201 166 187 186 74 
76 8 219 271 270 188 172 145 78 77 
77 6 219 188 172 170 78 76 
78 7 219 271 270 189 188 77 76 
79 3 399 339 80 
80 3 399 339 79 
81 8 321 320 87 260 204 183 83 82 
82 8 87 86 260 259 257 205 83 81 
83 8 321 87 259 206 205 204 81 82 
84 9 7 231 418 157 37 36 35 85 389 
85 5 418 157 351 389 84 
86 8 335 334 292 257 205 183 82 87 
87 17 335 321 320 293 260 259 257 206 205 204 125 124 83 82 81 72 86 
88 8 15 363 353 352 351 89 44 43 
89 8 5 16 15 404 364 363 353 88 
90 4 255 209 252 91 
91 10 129 128 193 191 255 210 209 252 90 251 
92 4 226 220 184 93 
93 5 250 226 221 220 92 
94 8 242 263 233 217 208 179 160 95 
95 6 217 233 208 207 179 94 
96 6 71 161 244 162 97 52 
97 6 207 246 244 162 52 96 
98 4 427 314 100 99 
99 8 427 314 283 206 200 28 100 98 
100 9 428 427 315 314 206 200 28 99 98 
101 3 102 62 61 
102 6 429 231 230 101 62 6 
103 3 341 340 104 
104 3 377 340 103 
105 7 379 376 375 347 355 107 106 
106 5 375 371 347 107 105 
107 5 371 379 355 106 105 
108 15 59 109 112 192 229 336 348 350 366 367 368 385 387 388 391 
109 20 388 338 336 415 414 362 361 350 349 348 393 391 386 385 33 382 381 370 108 32 
110 4 267 229 156 111 
111 5 267 157 156 110 35 
112 12 387 368 366 276 229 192 191 158 129 113 108 49 
113 10 391 368 367 366 349 336 192 112 50 49 
114 6 241 240 354 196 174 115 
115 4 241 354 196 114 
116 5 331 233 163 161 117 
117 5 331 168 167 163 116 
118 3 287 120 119 
119 8 65 54 295 598 288 287 120 118 
120 9 526 318 586 312 598 295 288 118 119 
121 6 66 335 309 424 123 122 
122 4 335 204 123 121 
123 7 282 335 310 424 124 121 122 
124 8 321 320 87 283 282 123 204 125 
125 8 321 320 87 283 282 206 204 124 
126 4 374 196 195 127 
127 5 376 375 374 195 126 
128 9 229 275 251 250 221 191 156 129 91 
129 13 112 229 197 193 158 368 366 276 387 192 191 91 128 
130 6 134 133 189 256 132 131 
131 6 134 281 280 256 132 130 
132 5 189 280 256 130 131 
133 5 277 219 189 134 130 
134 5 278 189 133 131 130 
135 18 10 11 12 136 137 138 139 140 141 284 285 295 296 298 326 327 421 422 
136 14 12 135 137 139 285 295 296 297 298 299 327 332 421 422 
137 12 136 135 327 325 297 296 422 332 298 295 285 138 
138 16 11 10 135 12 327 326 325 420 421 288 422 332 298 295 285 137 
139 9 136 135 12 327 326 285 422 141 140 
140 7 135 12 326 296 285 141 139 
141 8 135 12 327 421 296 285 139 140 
142 10 46 176 249 247 227 154 153 212 416 143 
143 8 176 249 247 154 417 416 146 142 
144 7 225 176 248 227 416 146 145 
145 9 218 176 248 227 76 188 416 146 144 
146 8 176 248 247 188 143 416 145 144 
147 10 335 334 309 308 291 290 289 66 149 148 
148 6 292 335 291 257 149 147 
149 8 292 335 309 308 291 66 147 148 
150 6 262 259 165 164 152 151 
151 7 433 262 225 175 165 152 150 
152 10 417 416 262 187 175 166 165 151 150 75 
153 8 234 417 235 211 165 142 155 154 
154 10 165 247 417 416 212 211 143 142 155 153 
155 5 235 234 211 153 154 
156 11 430 111 110 128 267 229 231 158 157 35 8 
157 15 430 111 267 231 389 158 156 85 84 37 36 35 9 8 7 
158 9 112 229 129 50 276 49 157 156 37 
159 7 242 240 264 263 217 378 160 
160 13 394 242 240 264 217 94 272 380 378 224 223 25 159 
161 14 116 21 310 202 96 428 425 333 331 330 53 51 163 162 
162 10 71 70 207 202 246 52 97 96 163 161 
163 9 117 116 168 167 53 331 233 161 162 
164 8 150 262 260 259 206 205 166 165 
165 14 152 151 150 262 261 234 154 175 225 153 417 211 166 164 
166 10 152 234 417 211 187 186 75 74 165 164 
167 4 117 163 169 168 
168 6 117 233 214 163 169 167 
169 5 233 215 214 167 168 
170 7 227 219 226 77 222 171 172 
171 6 210 209 222 221 170 172 
172 7 219 271 77 76 189 171 170 
173 8 174 189 194 196 278 280 281 354 
174 4 240 114 196 173 
175 9 152 151 262 417 416 235 234 176 165 
176 10 417 416 227 218 175 146 145 144 143 142 
177 8 243 216 182 245 244 187 179 178 
178 4 216 182 179 177 
179 14 263 243 95 94 208 207 217 216 182 246 245 233 177 178 
180 12 46 235 218 270 249 248 39 38 213 212 182 181 
181 8 47 46 270 190 188 212 182 180 
182 14 48 46 246 245 243 190 40 39 216 179 178 177 181 180 
183 15 86 261 260 81 73 72 268 258 257 433 431 335 334 185 184 
184 12 274 273 268 92 226 228 231 433 250 220 185 183 
185 5 261 258 220 184 183 
186 4 75 166 187 243 
187 6 152 166 243 177 75 186 
188 15 47 219 218 271 270 248 227 78 77 76 181 146 145 190 189 
189 12 134 133 132 130 279 278 277 78 173 172 190 188 
190 10 48 47 279 243 233 216 182 181 188 189 
191 10 112 387 129 128 229 255 251 192 91 193 
192 10 113 112 368 366 387 129 198 191 108 193 
193 6 129 251 197 91 191 192 
194 8 254 278 281 280 253 173 196 195 
195 12 127 126 374 388 254 253 338 34 32 199 196 194 
196 12 126 242 241 115 114 376 378 354 174 173 194 195 
197 7 256 255 129 193 251 199 198 
198 6 388 387 192 251 199 197 
199 14 242 42 41 256 374 388 387 281 254 253 195 378 198 197 
200 13 100 99 69 321 283 259 314 244 206 28 27 202 201 
201 7 283 427 206 75 74 202 200 
202 14 70 69 259 331 206 53 52 51 244 233 162 161 201 200 
203 3 238 265 413 
204 14 321 320 87 83 81 282 259 335 122 125 206 205 124 27 
205 9 87 86 83 82 259 257 164 206 204 
206 18 100 99 321 87 83 283 259 201 200 164 202 314 427 125 28 27 205 204 
207 8 95 246 243 233 179 162 97 208 
208 9 263 243 95 94 246 233 217 179 207 
209 8 255 252 222 221 171 91 90 210 
210 4 255 171 91 209 
211 11 262 235 234 155 154 153 417 166 165 213 212 
212 10 247 235 234 154 39 181 180 142 213 211 
213 9 247 236 235 40 39 38 180 212 211 
214 5 71 169 168 233 215 
215 4 71 169 223 214 
216 10 48 243 190 246 245 182 179 178 177 217 
217 13 242 240 264 263 95 378 160 94 208 245 179 159 216 
218 7 270 227 219 188 180 176 145 
219 10 133 271 270 218 188 172 170 78 77 76 
220 12 64 63 261 93 92 226 433 185 184 250 222 221 
221 12 274 93 226 128 229 209 252 220 171 251 250 222 
222 7 64 226 209 220 171 170 221 
223 4 215 342 160 224 
224 7 264 272 383 380 342 160 223 
225 9 151 64 63 261 144 416 227 226 165 
226 12 273 64 63 93 92 227 184 225 222 221 220 170 
227 11 170 218 176 416 270 226 225 188 145 144 142 
228 7 274 269 267 266 250 184 229 
229 16 112 158 129 128 368 110 276 275 267 251 250 221 191 156 108 228 
230 5 268 432 102 232 231 
231 15 430 429 418 84 267 266 184 157 156 102 35 8 7 232 230 
232 8 431 429 269 268 266 432 231 230 
233 14 94 95 116 163 168 169 179 190 202 207 208 214 246 331 
234 10 166 165 155 153 175 417 212 211 236 235 
235 11 180 155 175 417 213 212 211 153 38 236 234 
236 6 417 243 213 38 234 235 
237 3 578 239 238 
238 3 239 237 203 
239 5 8 400 238 237 9 
240 8 354 114 217 174 160 159 242 241 
241 8 378 356 354 196 115 114 242 240 
242 11 378 307 264 196 217 199 160 159 94 240 241 
243 19 246 245 233 214 95 94 216 208 182 179 177 236 190 40 38 207 244 187 186 
244 14 70 69 200 243 202 314 52 51 28 177 97 96 246 245 
245 8 243 182 217 216 179 177 246 244 
246 12 243 182 208 207 216 52 233 179 162 97 244 245 
247 11 46 416 249 248 213 212 154 146 143 142 39 
248 7 249 247 188 180 146 145 144 
249 7 46 248 247 180 143 142 39 
250 10 274 93 128 229 228 184 220 252 221 251 
251 12 91 128 191 193 197 198 221 229 250 252 255 387 
252 7 255 209 251 250 221 91 90 
253 7 42 281 256 254 195 194 199 
254 9 194 374 345 281 195 34 32 253 199 
255 9 197 90 191 252 251 210 209 91 256 
256 9 41 199 197 280 253 132 131 130 255 
257 14 293 292 87 86 260 82 148 72 335 334 205 183 259 258 
258 7 261 260 72 185 183 259 257 
259 14 150 87 262 260 83 82 206 205 204 202 200 164 258 257 
260 10 87 262 261 259 258 257 183 82 81 164 
261 9 63 262 258 185 183 260 225 220 165 
262 10 152 151 150 259 261 260 211 175 165 164 
263 6 264 217 208 179 159 94 
264 10 394 242 380 378 272 263 224 217 160 159 
265 2 413 203 
266 8 274 273 269 268 232 231 228 267 
267 12 274 7 430 111 110 231 229 228 157 156 35 266 
268 8 433 432 269 266 232 230 184 183 
269 5 273 268 266 232 228 
270 10 46 219 218 227 188 181 180 78 76 271 
271 6 219 188 172 78 76 270 
272 4 264 319 224 160 
273 7 433 274 228 226 269 266 184 
274 9 433 432 250 221 273 267 266 228 184 
275 3 276 229 128 
276 6 112 366 275 229 158 129 
277 4 133 279 278 189 
278 6 134 279 194 277 189 173 
279 4 278 277 190 189 
280 6 194 256 173 132 131 281 
281 7 194 254 253 199 173 131 280 
282 20 320 318 317 20 427 426 425 424 423 310 309 308 204 125 124 123 66 54 17 283 
283 15 99 321 320 21 20 427 426 314 206 201 200 125 124 27 282 
284 12 333 11 55 2 310 135 296 285 295 332 428 288 
285 25 312 136 135 11 10 12 327 326 325 420 140 141 421 294 296 422 332 298 295 284 139 138 137 598 297 
286 11 287 288 294 295 311 322 323 324 531 563 598 
287 13 526 524 65 54 294 118 323 286 596 119 598 597 288 
288 18 318 317 316 312 311 55 54 586 326 120 138 286 284 119 295 598 597 287 
289 16 147 537 536 66 65 31 30 29 597 596 586 334 308 291 290 61 
290 7 147 586 335 334 291 289 62 
291 13 149 148 147 66 65 586 335 334 310 309 308 290 289 
292 7 335 334 257 149 148 86 293 
293 4 335 257 87 292 
294 9 287 312 311 296 598 332 286 285 295 
295 25 318 312 311 0 10 136 135 12 327 326 325 120 297 286 598 138 285 137 332 284 119 298 288 296 294 
296 17 312 294 136 135 327 326 422 140 141 332 299 298 297 285 284 137 295 
297 9 136 327 285 332 299 296 295 137 298 
298 13 2 12 135 136 137 138 285 295 296 297 299 327 422 
299 6 136 296 297 298 327 422 
300 9 318 56 55 54 1 0 19 302 301 
301 7 56 54 19 17 310 302 300 
302 6 55 54 19 310 300 301 
303 7 328 67 319 645 305 306 304 
304 7 329 328 319 305 306 313 303 
305 3 329 303 304 
306 6 646 319 67 304 645 303 
307 4 242 645 67 648 
308 13 317 149 147 282 66 65 291 289 597 586 423 310 309 
309 10 149 147 282 66 291 335 424 121 310 308 
310 22 317 21 20 428 282 55 66 19 18 17 291 425 424 423 315 302 301 284 123 161 309 308 
311 10 531 323 598 324 322 295 294 288 286 312 
312 9 325 332 296 295 294 288 285 120 311 
313 4 329 328 319 304 
314 16 100 99 98 21 20 283 426 18 17 200 244 428 427 206 28 315 
315 5 100 310 428 51 314 
316 5 597 288 54 318 317 
317 8 310 308 288 282 54 17 318 316 
318 11 598 300 295 288 282 120 56 54 0 317 316 
319 7 329 328 272 306 304 303 313 
320 9 335 87 283 282 204 125 124 81 321 
321 11 335 87 283 206 204 200 125 124 83 81 320 
322 6 311 598 563 324 286 323 
323 6 311 287 598 324 286 322 
324 7 531 311 563 322 323 286 598 
325 8 312 10 295 285 138 137 327 326 
326 15 135 12 422 421 420 332 296 295 288 285 140 139 138 327 325 
327 18 136 135 12 598 422 421 299 298 297 296 295 285 141 139 138 137 325 326 
328 5 319 313 304 303 329 
329 5 319 313 305 304 328 
330 3 161 333 331 
331 7 116 202 163 161 428 233 330 
332 16 312 2 0 136 598 326 297 294 296 428 138 285 137 295 284 333 
333 5 284 161 330 428 332 
334 12 292 86 147 257 30 291 290 289 61 586 335 183 
335 21 86 87 121 122 123 147 148 149 183 204 257 290 291 292 293 309 320 321 334 424 431 
336 12 113 366 348 410 391 386 385 349 109 108 338 337 
337 15 60 59 410 351 349 49 412 401 393 392 391 386 369 338 336 
338 16 412 411 406 403 15 410 402 401 393 392 386 369 195 109 336 337 
339 8 22 399 359 358 341 340 80 79 
340 10 24 23 22 377 358 344 341 339 104 103 
341 4 383 340 339 103 
342 6 395 372 379 383 362 343 
343 13 395 394 383 373 58 356 384 380 379 409 408 342 26 
344 3 506 377 340 
345 9 375 374 254 412 386 370 34 347 346 
346 11 397 396 375 415 386 382 381 362 360 347 345 
347 6 397 375 106 105 346 345 
348 9 368 336 388 387 391 109 108 350 349 
349 14 113 368 367 392 388 351 337 50 336 391 385 109 350 348 
350 8 374 388 385 32 109 108 349 348 
351 16 60 389 349 337 398 357 392 88 44 43 400 390 363 85 353 352 
352 13 5 4 3 398 357 88 43 400 390 364 363 353 351 
353 14 5 393 411 410 15 89 88 45 44 43 404 363 352 351 
354 9 241 240 115 114 376 196 173 356 355 
355 10 376 375 373 371 107 105 408 379 356 354 
356 10 241 373 409 379 378 343 26 25 355 354 
357 11 3 4 22 351 352 358 359 364 390 398 419 
358 8 4 23 22 364 359 357 340 339 
359 9 5 4 3 398 390 364 358 357 339 
360 18 396 346 415 414 412 411 406 404 403 402 382 381 362 361 16 15 14 13 
361 14 415 414 411 406 405 404 382 365 362 109 16 360 14 13 
362 16 397 396 372 346 57 415 414 411 382 379 365 342 109 361 360 14 
363 10 5 16 89 88 353 352 351 364 365 405 
364 14 5 4 3 22 398 359 358 357 89 352 390 363 365 405 
365 6 362 361 406 364 363 405 
366 13 113 112 391 387 336 276 192 129 108 50 49 368 367 
367 8 113 391 349 108 50 49 368 366 
368 11 113 112 387 349 348 229 192 129 108 367 366 
369 7 338 337 401 386 381 370 33 
370 6 345 386 381 109 369 33 
371 9 375 379 355 107 106 58 57 373 372 
372 11 397 384 383 408 379 342 362 58 57 373 371 
373 15 395 394 380 25 409 408 384 379 356 355 343 26 58 371 372 
374 12 127 126 350 254 199 195 345 34 33 32 376 375 
375 16 127 415 412 381 355 371 347 346 345 106 105 57 34 32 376 374 
376 8 127 355 379 354 196 105 374 375 
377 3 344 340 104 
378 13 394 242 241 264 217 196 199 356 160 159 25 380 379 
379 23 25 26 57 58 105 107 342 343 355 356 362 371 372 373 376 378 380 383 384 396 397 407 408 
380 11 395 394 264 373 224 160 343 26 25 379 378 
381 12 375 346 412 403 386 382 109 370 369 360 33 32 
382 16 396 386 346 415 414 406 404 403 109 16 381 362 361 360 14 13 
383 11 395 372 379 343 58 57 409 408 341 342 384 
384 6 395 372 373 379 343 383 
385 10 50 388 336 350 349 391 32 109 108 386 
386 20 412 403 382 346 345 338 337 336 415 411 410 401 381 370 369 34 33 32 109 385 
387 13 112 42 368 366 251 199 198 348 192 191 129 108 388 
388 11 349 199 198 195 32 385 350 348 109 108 387 
389 12 7 8 35 36 60 84 85 157 351 390 418 419 
390 15 60 5 4 3 43 419 418 398 359 357 352 351 400 364 389 
391 12 113 367 366 337 336 349 348 385 109 108 393 392 
392 9 60 349 338 337 410 351 45 393 391 
393 10 411 353 44 338 337 410 109 45 391 392 
394 8 373 264 160 380 378 343 25 395 
395 7 373 384 383 380 343 342 394 
396 8 415 379 382 362 360 346 57 397 
397 6 379 372 362 347 346 396 
398 11 5 4 352 400 399 390 364 351 43 359 357 
399 4 398 339 80 79 
400 8 419 398 239 43 352 351 390 9 
401 6 338 337 369 386 403 402 
402 7 338 360 412 411 410 403 401 
403 10 386 338 414 360 13 412 382 381 401 402 
404 9 361 360 13 16 89 353 382 406 405 
405 9 13 414 361 16 406 404 363 364 365 
406 11 415 338 414 361 360 13 411 382 365 404 405 
407 3 379 409 408 
408 8 373 372 355 379 383 409 407 343 
409 8 373 356 383 408 407 343 26 25 
410 11 337 338 336 402 393 392 386 353 45 412 411 
411 14 13 393 338 44 15 362 361 360 406 402 386 353 412 410 
412 11 386 338 375 345 337 360 381 403 402 410 411 
413 2 203 265 
414 11 415 406 405 403 109 382 362 361 360 14 13 
415 11 396 406 375 346 386 109 414 382 362 361 360 
416 13 152 417 176 175 247 227 225 154 143 142 146 145 144 
417 14 152 416 176 175 236 235 234 154 153 38 211 166 165 143 
418 9 231 390 389 85 84 36 9 8 419 
419 9 4 3 43 357 400 390 389 9 418 
420 5 326 285 138 422 421 
421 10 136 135 12 327 326 141 285 138 422 420 
422 14 136 135 12 327 326 296 299 137 138 285 298 139 420 421 
423 7 282 17 308 310 426 425 424 
424 12 21 20 282 66 335 309 310 123 121 426 425 423 
425 12 21 20 282 19 18 17 310 161 426 428 423 424 
426 10 21 20 283 282 314 423 425 424 428 427 
427 13 100 99 98 20 283 282 201 314 206 28 27 428 426 
428 16 18 20 21 51 100 161 284 310 314 315 331 332 333 425 426 427 
429 5 430 232 231 102 6 
430 7 429 267 231 157 156 7 6 
431 5 232 433 432 335 183 
432 6 274 268 232 230 433 431 
433 10 151 274 273 73 268 220 432 431 184 183 
434 10 485 471 452 475 474 436 435 522 472 451 
435 8 468 485 481 434 522 480 451 436 
436 7 485 506 480 472 451 434 435 
437 15 516 515 508 507 519 514 513 505 503 497 496 522 467 439 438 
438 9 508 519 511 504 497 482 466 439 437 
439 18 458 509 508 521 519 477 499 505 497 484 482 481 461 460 459 444 438 437 
440 15 458 457 516 515 512 511 510 507 505 477 459 454 446 441 442 
441 13 458 440 521 516 511 509 507 484 477 455 450 446 442 
442 14 458 521 512 511 509 505 497 484 477 446 444 443 440 441 
443 7 442 500 512 511 505 484 444 
444 7 509 442 521 505 484 443 439 
445 8 457 456 450 512 510 484 447 446 
446 11 458 457 440 442 441 521 450 512 484 447 445 
447 6 478 512 486 484 446 445 
448 6 510 523 517 486 450 449 
449 7 476 510 523 486 481 450 448 
450 13 487 458 441 510 523 518 517 486 472 446 445 448 449 
451 16 468 486 485 506 481 475 474 453 452 436 435 522 480 473 472 434 
452 10 510 469 468 486 485 472 434 480 451 453 
453 4 485 518 451 452 
454 7 440 515 476 523 510 496 455 
455 14 457 516 515 507 441 476 523 511 510 500 497 496 459 454 
456 6 512 511 484 445 458 457 
457 11 523 512 511 478 477 455 446 445 440 458 456 
458 12 521 512 505 484 450 446 442 441 440 439 457 456 
459 13 440 515 509 521 455 505 484 483 482 481 461 460 439 
460 11 439 459 461 481 482 483 484 501 504 508 520 
461 11 509 521 504 497 484 483 482 481 460 459 439 
462 2 464 463 
463 4 485 479 464 462 
464 4 485 479 463 462 
465 5 499 505 497 467 466 
466 8 499 505 504 497 482 467 465 438 
467 10 516 514 499 498 505 497 482 466 465 437 
468 8 522 485 481 472 452 451 435 469 
469 4 522 485 452 468 
470 4 522 506 472 471 
471 5 434 522 480 472 470 
472 16 498 450 468 486 482 518 452 481 475 436 522 480 471 470 451 434 
473 6 485 475 474 506 480 451 
474 6 522 480 473 451 434 475 
475 8 485 506 480 473 472 451 434 474 
476 9 523 511 510 496 455 454 449 478 477 
477 13 457 440 509 442 441 512 511 510 505 484 439 478 476 
478 7 457 512 511 510 447 477 476 
479 5 463 464 480 481 485 
480 15 435 436 451 452 471 472 473 474 475 479 481 485 506 522 523 
481 15 449 468 485 461 460 459 439 523 506 435 522 472 451 480 479 
482 20 438 439 459 460 461 466 467 472 483 484 488 489 495 501 503 505 511 520 522 523 
483 7 501 523 484 482 461 460 459 
484 28 487 458 456 509 508 507 442 441 521 477 512 505 503 486 523 522 518 483 482 461 460 459 447 446 445 444 443 439 
485 17 453 469 468 522 481 480 479 475 473 464 463 452 451 436 435 434 486 
486 18 487 521 500 450 449 448 512 510 523 522 518 517 484 472 452 451 447 485 
487 5 512 500 486 484 450 
488 4 495 494 482 489 
489 4 503 494 482 488 
490 2 492 491 
491 2 492 490 
492 2 490 491 
493 2 495 494 
494 4 489 488 495 493 
495 6 522 488 482 506 494 493 
496 14 515 507 476 514 455 454 500 499 498 510 503 523 437 497 
497 19 516 515 507 442 519 455 499 511 505 503 523 467 466 465 461 439 438 437 496 
498 8 513 523 505 496 472 467 500 499 
499 15 519 514 513 523 505 504 503 497 496 467 466 465 439 498 500 
500 10 487 509 521 455 523 496 486 443 498 499 
501 3 483 482 460 
502 0 
503 12 514 513 499 523 497 496 489 484 482 437 505 504 
504 7 499 466 461 460 438 505 503 
505 28 458 440 516 509 507 442 521 519 477 514 513 499 498 512 523 497 484 482 467 466 465 459 444 443 439 437 504 503 
506 10 344 481 451 475 436 470 480 473 522 495 
507 14 440 521 516 515 511 505 497 496 484 455 441 437 509 508 
508 11 523 521 519 511 484 460 439 438 437 509 507 
509 14 521 511 505 500 484 477 461 459 444 442 441 439 507 508 
510 18 440 478 477 476 450 449 448 455 454 523 522 518 496 486 452 445 512 511 
511 21 457 456 440 516 509 508 507 442 441 521 478 477 476 455 523 497 482 443 438 512 510 
512 18 487 458 457 456 440 442 521 478 477 505 486 484 447 446 445 443 511 510 
513 7 522 505 503 499 498 437 514 
514 9 523 522 505 503 499 496 467 437 513 
515 10 440 523 507 497 496 459 455 454 437 516 
516 12 440 521 519 511 507 505 497 467 455 441 437 515 
517 4 450 448 486 518 
518 7 450 510 486 484 472 453 517 
519 10 516 508 505 499 497 439 438 437 521 520 
520 4 482 460 521 519 
521 20 458 516 509 508 507 442 441 512 511 505 500 486 484 461 459 446 444 439 519 520 
522 22 434 435 437 451 468 469 470 471 472 474 480 481 482 484 485 486 495 506 510 513 514 523 
523 26 448 449 450 454 455 457 476 480 481 482 483 484 486 496 497 498 499 500 503 505 508 510 511 514 515 522 
524 6 596 585 584 287 526 525 
525 5 596 586 584 524 526 
526 7 598 596 586 287 120 524 525 
527 8 569 603 572 571 562 555 554 528 
528 7 569 572 562 560 558 554 527 
529 6 560 589 563 559 531 530 
530 3 589 531 529 
531 8 589 563 559 324 311 286 529 530 
532 4 558 533 589 534 
533 5 588 559 532 589 534 
534 6 560 559 558 533 532 589 
535 5 586 585 584 537 536 
536 5 586 289 29 537 535 
537 7 597 586 289 66 65 535 536 
538 2 540 539 
539 6 544 561 556 570 538 540 
540 3 556 538 539 
541 4 561 564 543 542 
542 5 561 603 564 543 541 
543 3 541 542 603 
544 9 587 570 567 565 564 556 539 546 545 
545 10 601 587 571 570 568 567 565 557 546 544 
546 8 571 570 565 564 562 548 544 545 
547 5 602 565 548 549 603 
548 8 546 572 570 562 553 549 547 565 
549 10 547 548 553 555 561 562 565 572 602 603 
550 6 551 552 573 590 591 600 
551 7 600 583 574 573 591 550 552 
552 8 550 551 573 574 583 585 591 592 
553 9 603 565 572 570 562 549 548 555 554 
554 9 569 528 527 558 562 572 571 555 553 
555 8 527 602 603 562 549 572 553 554 
556 9 544 601 567 539 570 558 540 587 557 
557 13 595 594 593 545 568 567 601 575 573 592 587 556 571 
558 14 569 568 528 575 556 554 589 571 563 562 534 532 560 559 
559 8 531 529 589 563 534 533 560 558 
560 9 528 529 534 558 559 562 563 572 589 
561 9 603 602 564 549 542 541 539 563 562 
562 22 527 528 546 548 549 553 554 555 558 560 561 563 565 567 568 569 571 572 587 589 602 603 
563 12 531 529 560 559 558 324 598 322 589 286 561 562 
564 9 546 544 561 602 603 570 565 542 541 
565 16 544 545 546 547 548 549 553 562 564 567 570 571 572 587 602 603 
566 0 
567 11 595 545 544 556 587 571 565 562 557 569 568 
568 9 545 601 587 571 562 558 557 569 567 
569 9 572 571 562 558 554 528 527 567 568 
570 12 546 545 544 556 539 565 564 587 572 553 548 571 
571 14 546 545 569 568 567 527 558 565 587 572 554 562 557 570 
572 14 527 528 548 549 553 554 555 560 562 565 569 570 571 603 
573 15 550 551 552 557 574 575 581 585 590 591 592 593 594 600 601 
574 9 581 578 583 588 585 552 551 575 573 
575 13 595 594 593 601 583 558 592 588 587 585 557 573 574 
576 2 578 577 
577 2 578 576 
578 7 237 574 586 585 581 577 576 
579 3 599 582 580 
580 2 599 579 
581 7 600 574 585 578 573 591 582 
582 2 579 581 
583 7 588 585 575 574 552 551 584 
584 8 525 524 535 596 588 586 585 583 
585 13 524 535 584 583 581 578 575 574 573 596 552 588 586 
586 24 526 525 537 536 535 584 120 66 65 31 30 29 578 291 290 289 62 61 334 308 288 596 585 597 
587 20 595 594 593 545 544 568 567 601 600 599 575 590 565 571 570 589 562 557 556 588 
588 10 595 594 533 584 583 575 574 585 589 587 
589 13 531 530 529 560 559 558 563 562 588 587 533 532 534 
590 7 593 600 573 587 550 592 591 
591 7 550 551 552 573 581 590 592 
592 9 552 557 573 575 590 591 593 594 601 
593 10 601 600 592 590 587 575 573 557 595 594 
594 9 601 592 588 587 575 573 557 593 595 
595 8 601 588 587 575 567 557 593 594 
596 10 526 525 524 584 289 585 598 597 586 287 
597 12 316 537 55 66 65 289 308 596 288 586 598 287 
598 19 526 318 311 332 327 322 563 120 294 323 295 596 286 285 119 288 324 597 287 
599 5 587 580 579 601 600 
600 9 593 590 587 581 573 551 550 601 599 
601 13 595 594 593 545 556 568 592 587 575 573 557 599 600 
602 8 561 603 565 564 562 555 549 547 
603 13 527 542 543 547 549 553 555 561 562 564 565 572 602 
604 3 606 605 641 
605 8 604 606 624 626 639 641 661 666 
606 2 605 604 
607 6 638 637 636 617 609 608 
608 5 638 637 633 609 607 
609 4 638 620 607 608 
610 2 693 664 
611 4 612 613 659 616 
612 4 660 659 611 613 
613 5 659 612 611 653 660 
614 2 616 615 
615 2 616 614 
616 4 660 611 614 615 
617 3 607 636 707 
618 3 666 619 665 
619 3 618 666 665 
620 4 609 642 638 621 
621 4 644 642 638 620 
622 4 666 665 661 623 
623 7 675 674 666 661 640 639 622 
624 7 676 666 641 639 605 626 625 
625 7 676 666 641 640 639 626 624 
626 4 641 605 624 625 
627 6 630 704 703 702 628 629 
628 4 630 704 629 627 
629 4 631 630 628 627 
630 6 704 629 628 627 632 631 
631 4 708 629 632 630 
632 6 710 709 708 672 630 631 
633 5 608 638 637 635 634 
634 4 638 637 635 633 
635 4 638 637 633 634 
636 4 607 617 638 637 
637 7 608 607 635 634 633 636 638 
638 11 609 608 607 621 620 635 634 633 637 636 642 
639 10 605 623 624 625 640 641 661 665 666 675 
640 7 623 625 639 641 661 665 666 
641 11 604 605 624 625 626 639 640 661 665 666 676 
642 6 701 621 620 644 638 643 
643 3 701 642 644 
644 4 621 701 643 642 
645 6 307 67 303 306 646 68 
646 5 648 67 645 647 306 
647 5 68 648 649 646 67 
648 4 646 647 649 307 
649 3 648 647 650 
650 3 649 652 651 
651 2 652 650 
652 4 651 658 657 650 
653 3 613 659 660 
654 5 689 688 684 656 655 
655 4 688 684 656 654 
656 3 688 655 654 
657 2 658 652 
658 4 657 706 652 705 
659 7 653 613 612 666 660 661 611 
660 6 653 612 661 659 616 613 
661 11 674 623 622 666 641 660 659 665 605 639 640 
662 4 682 664 663 691 
663 4 682 679 662 664 
664 3 663 662 610 
665 8 622 618 661 640 641 666 639 619 
666 14 605 618 619 622 623 624 625 639 640 641 659 661 665 674 
667 2 669 668 
668 2 669 667 
669 2 667 668 
670 1 686 
671 4 702 672 695 673 
672 6 632 671 673 708 709 710 
673 5 690 696 695 672 671 
674 5 666 661 623 676 675 
675 4 639 623 676 674 
676 5 641 625 624 674 675 
677 4 682 681 679 678 
678 4 682 681 679 677 
679 3 663 678 677 
680 4 682 681 685 683 
681 6 678 677 682 680 685 683 
682 7 663 662 678 677 683 681 680 
683 5 682 685 681 680 684 
684 9 655 654 683 685 688 697 687 689 699 
685 9 689 687 684 683 699 698 697 681 680 
686 1 670 
687 4 685 689 688 684 
688 7 655 654 656 687 689 697 684 
689 7 685 654 684 688 698 697 687 
690 4 691 673 696 695 
691 2 690 662 
692 2 694 693 
693 3 610 694 692 
694 2 692 693 
695 4 696 690 673 671 
696 3 695 690 673 
697 6 699 689 685 688 684 698 
698 4 689 685 697 699 
699 4 697 698 685 684 
700 2 701 703 
701 4 643 642 700 644 
702 4 671 627 704 703 
703 4 627 704 702 700 
704 5 630 628 627 703 702 
705 3 706 658 707 
706 3 658 707 705 
707 3 617 706 705 
708 5 632 631 672 710 709 
709 4 632 672 710 708 
710 4 632 672 709 708 
>>>>>>> 0514ea9fae0f841576757defb02235a9189b0fad
