<<<<<<< HEAD
Sector ID, Channel separation constraint, Number of TRXs, List of TRX IDs
0 3 4 0 1 2 3 
1 3 4 4 5 6 7 
2 3 4 8 9 10 11 
3 3 4 12 13 14 15 
4 3 4 16 17 18 19 
5 3 4 20 21 22 23 
6 3 3 24 25 26 
7 3 3 27 28 29 
8 3 3 30 31 32 
9 3 3 33 34 35 
10 3 4 36 37 38 39 
11 3 4 40 41 42 43 
12 3 4 44 45 46 47 
13 3 3 48 49 50 
14 3 3 51 52 53 
15 3 3 54 55 56 
16 3 3 57 58 59 
17 3 4 60 61 62 63 
18 3 4 64 65 66 67 
19 3 4 68 69 70 71 
20 3 3 72 73 74 
21 3 3 75 76 77 
22 3 4 78 79 80 81 
23 3 4 82 83 84 85 
24 3 4 86 87 88 89 
25 3 3 90 91 92 
26 3 3 93 94 95 
27 3 3 96 97 98 
28 3 3 99 100 101 
29 3 4 102 103 104 105 
30 3 4 106 107 108 109 
31 3 4 110 111 112 113 
32 3 4 114 115 116 117 
33 3 4 118 119 120 121 
34 3 4 122 123 124 125 
35 3 4 126 127 128 129 
36 3 4 130 131 132 133 
37 3 4 134 135 136 137 
38 3 4 138 139 140 141 
39 3 4 142 143 144 145 
40 3 4 146 147 148 149 
41 3 3 150 151 152 
42 3 3 153 154 155 
43 3 4 156 157 158 159 
44 3 4 160 161 162 163 
45 3 4 164 165 166 167 
46 3 4 168 169 170 171 
47 3 4 172 173 174 175 
48 3 4 176 177 178 179 
49 3 3 180 181 182 
50 3 3 183 184 185 
51 3 4 186 187 188 189 
52 3 4 190 191 192 193 
53 3 4 194 195 196 197 
54 3 4 198 199 200 201 
55 3 4 202 203 204 205 
56 3 4 206 207 208 209 
57 3 3 210 211 212 
58 3 3 213 214 215 
59 3 3 216 217 218 
60 3 3 219 220 221 
61 3 3 222 223 224 
62 3 3 225 226 227 
63 3 3 228 229 230 
64 3 3 231 232 233 
65 3 3 234 235 236 
66 3 3 237 238 239 
67 3 3 240 241 242 
68 3 3 243 244 245 
69 3 4 246 247 248 249 
70 3 4 250 251 252 253 
71 3 4 254 255 256 257 
72 3 3 258 259 260 
73 3 3 261 262 263 
74 3 3 264 265 266 
75 3 3 267 268 269 
76 3 4 270 271 272 273 
77 3 4 274 275 276 277 
78 3 4 278 279 280 281 
79 3 3 282 283 284 
80 3 3 285 286 287 
81 3 4 288 289 290 291 
82 3 4 292 293 294 295 
83 3 4 296 297 298 299 
84 3 3 300 301 302 
85 3 3 303 304 305 
86 3 3 306 307 308 
87 3 3 309 310 311 
88 3 3 312 313 314 
89 3 3 315 316 317 
90 3 3 318 319 320 
91 3 3 321 322 323 
92 3 3 324 325 326 
93 3 3 327 328 329 
94 3 3 330 331 332 
95 3 3 333 334 335 
96 3 3 336 337 338 
97 3 3 339 340 341 
98 3 4 342 343 344 345 
99 3 4 346 347 348 349 
100 3 4 350 351 352 353 
101 3 3 354 355 356 
102 3 3 357 358 359 
103 3 3 360 361 362 
104 3 3 363 364 365 
105 3 4 366 367 368 369 
106 3 4 370 371 372 373 
107 3 4 374 375 376 377 
108 3 3 378 379 380 
109 3 3 381 382 383 
110 3 3 384 385 386 
111 3 3 387 388 389 
112 3 3 390 391 392 
113 3 3 393 394 395 
114 3 3 396 397 398 
115 3 3 399 400 401 
116 3 3 402 403 404 
117 3 3 405 406 407 
118 3 4 408 409 410 411 
119 3 4 412 413 414 415 
120 3 4 416 417 418 419 
121 3 4 420 421 422 423 
122 3 4 424 425 426 427 
123 3 4 428 429 430 431 
124 3 3 432 433 434 
125 3 3 435 436 437 
126 3 3 438 439 440 
127 3 3 441 442 443 
128 3 3 444 445 446 
129 3 3 447 448 449 
130 3 4 450 451 452 453 
131 3 4 454 455 456 457 
132 3 4 458 459 460 461 
133 3 3 462 463 464 
134 3 3 465 466 467 
135 3 3 468 469 470 
136 3 3 471 472 473 
137 3 3 474 475 476 
138 3 3 477 478 479 
139 3 4 480 481 482 483 
140 3 4 484 485 486 487 
141 3 4 488 489 490 491 
142 3 3 492 493 494 
143 3 3 495 496 497 
144 3 4 498 499 500 501 
145 3 4 502 503 504 505 
146 3 4 506 507 508 509 
147 3 4 510 511 512 513 
148 3 4 514 515 516 517 
149 3 4 518 519 520 521 
150 3 4 522 523 524 525 
151 3 4 526 527 528 529 
152 3 4 530 531 532 533 
153 3 4 534 535 536 537 
154 3 4 538 539 540 541 
155 3 4 542 543 544 545 
156 3 4 546 547 548 549 
157 3 4 550 551 552 553 
158 3 4 554 555 556 557 
159 3 3 558 559 560 
160 3 3 561 562 563 
161 3 4 564 565 566 567 
162 3 4 568 569 570 571 
163 3 4 572 573 574 575 
164 3 4 576 577 578 579 
165 3 4 580 581 582 583 
166 3 4 584 585 586 587 
167 3 4 588 589 590 591 
168 3 4 592 593 594 595 
169 3 4 596 597 598 599 
170 3 4 600 601 602 603 
171 3 4 604 605 606 607 
172 3 4 608 609 610 611 
173 3 3 612 613 614 
174 3 3 615 616 617 
175 3 3 618 619 620 
176 3 3 621 622 623 
177 3 4 624 625 626 627 
178 3 4 628 629 630 631 
179 3 4 632 633 634 635 
180 3 4 636 637 638 639 
181 3 4 640 641 642 643 
182 3 4 644 645 646 647 
183 3 4 648 649 650 651 
184 3 4 652 653 654 655 
185 3 4 656 657 658 659 
186 3 3 660 661 662 
187 3 3 663 664 665 
188 3 4 666 667 668 669 
189 3 4 670 671 672 673 
190 3 4 674 675 676 677 
191 3 4 678 679 680 681 
192 3 4 682 683 684 685 
193 3 4 686 687 688 689 
194 3 4 690 691 692 693 
195 3 4 694 695 696 697 
196 3 4 698 699 700 701 
197 3 4 702 703 704 705 
198 3 4 706 707 708 709 
199 3 4 710 711 712 713 
200 3 4 714 715 716 717 
201 3 4 718 719 720 721 
202 3 4 722 723 724 725 
203 3 3 726 727 728 
204 3 4 729 730 731 732 
205 3 4 733 734 735 736 
206 3 4 737 738 739 740 
207 3 3 741 742 743 
208 3 3 744 745 746 
209 3 3 747 748 749 
210 3 3 750 751 752 
211 3 4 753 754 755 756 
212 3 4 757 758 759 760 
213 3 4 761 762 763 764 
214 3 3 765 766 767 
215 3 3 768 769 770 
216 3 3 771 772 773 
217 3 3 774 775 776 
218 3 3 777 778 779 
219 3 3 780 781 782 
220 3 4 783 784 785 786 
221 3 4 787 788 789 790 
222 3 4 791 792 793 794 
223 3 3 795 796 797 
224 3 3 798 799 800 
225 3 4 801 802 803 804 
226 3 4 805 806 807 808 
227 3 4 809 810 811 812 
228 3 3 813 814 815 
229 3 3 816 817 818 
230 3 4 819 820 821 822 
231 3 4 823 824 825 826 
232 3 4 827 828 829 830 
233 3 3 831 832 833 
234 3 4 834 835 836 837 
235 3 4 838 839 840 841 
236 3 4 842 843 844 845 
237 3 4 846 847 848 849 
238 3 4 850 851 852 853 
239 3 4 854 855 856 857 
240 3 4 858 859 860 861 
241 3 4 862 863 864 865 
242 3 4 866 867 868 869 
243 3 3 870 871 872 
244 3 4 873 874 875 876 
245 3 4 877 878 879 880 
246 3 4 881 882 883 884 
247 3 4 885 886 887 888 
248 3 4 889 890 891 892 
249 3 4 893 894 895 896 
250 3 4 897 898 899 900 
251 3 4 901 902 903 904 
252 3 4 905 906 907 908 
253 3 3 909 910 911 
254 3 3 912 913 914 
255 3 3 915 916 917 
256 3 3 918 919 920 
257 3 4 921 922 923 924 
258 3 4 925 926 927 928 
259 3 4 929 930 931 932 
260 3 4 933 934 935 936 
261 3 4 937 938 939 940 
262 3 4 941 942 943 944 
263 3 3 945 946 947 
264 3 3 948 949 950 
265 3 3 951 952 953 
266 3 3 954 955 956 
267 3 3 957 958 959 
268 3 3 960 961 962 
269 3 3 963 964 965 
270 3 3 966 967 968 
271 3 3 969 970 971 
272 3 3 972 973 974 
273 3 3 975 976 977 
274 3 3 978 979 980 
275 3 3 981 982 983 
276 3 3 984 985 986 
277 3 4 987 988 989 990 
278 3 4 991 992 993 994 
279 3 4 995 996 997 998 
280 3 3 999 1000 1001 
281 3 3 1002 1003 1004 
282 3 3 1005 1006 1007 
283 3 3 1008 1009 1010 
284 3 3 1011 1012 1013 
285 3 3 1014 1015 1016 
286 3 4 1017 1018 1019 1020 
287 3 4 1021 1022 1023 1024 
288 3 4 1025 1026 1027 1028 
289 3 4 1029 1030 1031 1032 
290 3 4 1033 1034 1035 1036 
291 3 4 1037 1038 1039 1040 
292 3 3 1041 1042 1043 
293 3 3 1044 1045 1046 
294 3 4 1047 1048 1049 1050 
295 3 4 1051 1052 1053 1054 
296 3 4 1055 1056 1057 1058 
297 3 4 1059 1060 1061 1062 
298 3 4 1063 1064 1065 1066 
299 3 4 1067 1068 1069 1070 
300 3 4 1071 1072 1073 1074 
301 3 4 1075 1076 1077 1078 
302 3 4 1079 1080 1081 1082 
303 3 4 1083 1084 1085 1086 
304 3 4 1087 1088 1089 1090 
305 3 4 1091 1092 1093 1094 
306 3 3 1095 1096 1097 
307 3 3 1098 1099 1100 
308 3 4 1101 1102 1103 1104 
309 3 4 1105 1106 1107 1108 
310 3 4 1109 1110 1111 1112 
311 3 3 1113 1114 1115 
312 3 3 1116 1117 1118 
313 3 3 1119 1120 1121 
314 3 3 1122 1123 1124 
315 3 3 1125 1126 1127 
316 3 4 1128 1129 1130 1131 
317 3 4 1132 1133 1134 1135 
318 3 4 1136 1137 1138 1139 
319 3 3 1140 1141 1142 
320 3 3 1143 1144 1145 
321 3 3 1146 1147 1148 
322 3 4 1149 1150 1151 1152 
323 3 4 1153 1154 1155 1156 
324 3 4 1157 1158 1159 1160 
325 3 4 1161 1162 1163 1164 
326 3 4 1165 1166 1167 1168 
327 3 4 1169 1170 1171 1172 
328 3 3 1173 1174 1175 
329 3 3 1176 1177 1178 
330 3 3 1179 1180 1181 
331 3 3 1182 1183 1184 
332 3 3 1185 1186 1187 
333 3 3 1188 1189 1190 
334 3 3 1191 1192 1193 
335 3 3 1194 1195 1196 
336 3 4 1197 1198 1199 1200 
337 3 4 1201 1202 1203 1204 
338 3 4 1205 1206 1207 1208 
339 3 4 1209 1210 1211 1212 
340 3 4 1213 1214 1215 1216 
341 3 4 1217 1218 1219 1220 
342 3 3 1221 1222 1223 
343 3 3 1224 1225 1226 
344 3 3 1227 1228 1229 
345 3 4 1230 1231 1232 1233 
346 3 4 1234 1235 1236 1237 
347 3 4 1238 1239 1240 1241 
348 3 4 1242 1243 1244 1245 
349 3 4 1246 1247 1248 1249 
350 3 4 1250 1251 1252 1253 
351 3 4 1254 1255 1256 1257 
352 3 4 1258 1259 1260 1261 
353 3 4 1262 1263 1264 1265 
354 3 4 1266 1267 1268 1269 
355 3 4 1270 1271 1272 1273 
356 3 4 1274 1275 1276 1277 
357 3 4 1278 1279 1280 1281 
358 3 4 1282 1283 1284 1285 
359 3 4 1286 1287 1288 1289 
360 3 4 1290 1291 1292 1293 
361 3 4 1294 1295 1296 1297 
362 3 4 1298 1299 1300 1301 
363 3 4 1302 1303 1304 1305 
364 3 4 1306 1307 1308 1309 
365 3 4 1310 1311 1312 1313 
366 3 4 1314 1315 1316 1317 
367 3 4 1318 1319 1320 1321 
368 3 4 1322 1323 1324 1325 
369 3 3 1326 1327 1328 
370 3 3 1329 1330 1331 
371 3 4 1332 1333 1334 1335 
372 3 4 1336 1337 1338 1339 
373 3 4 1340 1341 1342 1343 
374 3 4 1344 1345 1346 1347 
375 3 4 1348 1349 1350 1351 
376 3 4 1352 1353 1354 1355 
377 3 3 1356 1357 1358 
378 3 4 1359 1360 1361 1362 
379 3 4 1363 1364 1365 1366 
380 3 4 1367 1368 1369 1370 
381 3 3 1371 1372 1373 
382 3 3 1374 1375 1376 
383 3 3 1377 1378 1379 
384 3 3 1380 1381 1382 
385 3 3 1383 1384 1385 
386 3 3 1386 1387 1388 
387 3 3 1389 1390 1391 
388 3 3 1392 1393 1394 
389 3 3 1395 1396 1397 
390 3 3 1398 1399 1400 
391 3 4 1401 1402 1403 1404 
392 3 4 1405 1406 1407 1408 
393 3 4 1409 1410 1411 1412 
394 3 3 1413 1414 1415 
395 3 3 1416 1417 1418 
396 3 3 1419 1420 1421 
397 3 3 1422 1423 1424 
398 3 3 1425 1426 1427 
399 3 3 1428 1429 1430 
400 3 3 1431 1432 1433 
401 3 4 1434 1435 1436 1437 
402 3 4 1438 1439 1440 1441 
403 3 4 1442 1443 1444 1445 
404 3 4 1446 1447 1448 1449 
405 3 4 1450 1451 1452 1453 
406 3 4 1454 1455 1456 1457 
407 3 4 1458 1459 1460 1461 
408 3 4 1462 1463 1464 1465 
409 3 4 1466 1467 1468 1469 
410 3 4 1470 1471 1472 1473 
411 3 4 1474 1475 1476 1477 
412 3 4 1478 1479 1480 1481 
413 3 3 1482 1483 1484 
414 3 3 1485 1486 1487 
415 3 3 1488 1489 1490 
416 3 3 1491 1492 1493 
417 3 3 1494 1495 1496 
418 3 3 1497 1498 1499 
419 3 3 1500 1501 1502 
420 3 4 1503 1504 1505 1506 
421 3 4 1507 1508 1509 1510 
422 3 4 1511 1512 1513 1514 
423 3 4 1515 1516 1517 1518 
424 3 4 1519 1520 1521 1522 
425 3 4 1523 1524 1525 1526 
426 3 4 1527 1528 1529 1530 
427 3 4 1531 1532 1533 1534 
428 3 4 1535 1536 1537 1538 
429 3 3 1539 1540 1541 
430 3 3 1542 1543 1544 
431 3 4 1545 1546 1547 1548 
432 3 4 1549 1550 1551 1552 
433 3 4 1553 1554 1555 1556 
434 3 4 1557 1558 1559 1560 
435 3 4 1561 1562 1563 1564 
436 3 4 1565 1566 1567 1568 
437 3 4 1569 1570 1571 1572 
438 3 4 1573 1574 1575 1576 
439 3 4 1577 1578 1579 1580 
440 3 4 1581 1582 1583 1584 
441 3 4 1585 1586 1587 1588 
442 3 4 1589 1590 1591 1592 
443 3 3 1593 1594 1595 
444 3 3 1596 1597 1598 
445 3 4 1599 1600 1601 1602 
446 3 4 1603 1604 1605 1606 
447 3 4 1607 1608 1609 1610 
448 3 4 1611 1612 1613 1614 
449 3 4 1615 1616 1617 1618 
450 3 4 1619 1620 1621 1622 
451 3 4 1623 1624 1625 1626 
452 3 4 1627 1628 1629 1630 
453 3 4 1631 1632 1633 1634 
454 3 3 1635 1636 1637 
455 3 3 1638 1639 1640 
456 3 4 1641 1642 1643 1644 
457 3 4 1645 1646 1647 1648 
458 3 4 1649 1650 1651 1652 
459 3 4 1653 1654 1655 1656 
460 3 4 1657 1658 1659 1660 
461 3 4 1661 1662 1663 1664 
462 3 4 1665 1666 1667 1668 
463 3 4 1669 1670 1671 1672 
464 3 4 1673 1674 1675 1676 
465 3 4 1677 1678 1679 1680 
466 3 4 1681 1682 1683 1684 
467 3 4 1685 1686 1687 1688 
468 3 3 1689 1690 1691 
469 3 3 1692 1693 1694 
470 3 4 1695 1696 1697 1698 
471 3 4 1699 1700 1701 1702 
472 3 4 1703 1704 1705 1706 
473 3 4 1707 1708 1709 1710 
474 3 4 1711 1712 1713 1714 
475 3 4 1715 1716 1717 1718 
476 3 4 1719 1720 1721 1722 
477 3 4 1723 1724 1725 1726 
478 3 4 1727 1728 1729 1730 
479 3 4 1731 1732 1733 1734 
480 3 4 1735 1736 1737 1738 
481 3 4 1739 1740 1741 1742 
482 3 4 1743 1744 1745 1746 
483 3 4 1747 1748 1749 1750 
484 3 4 1751 1752 1753 1754 
485 3 3 1755 1756 1757 
486 3 3 1758 1759 1760 
487 3 3 1761 1762 1763 
488 3 3 1764 1765 1766 
489 3 3 1767 1768 1769 
490 3 4 1770 1771 1772 1773 
491 3 4 1774 1775 1776 1777 
492 3 4 1778 1779 1780 1781 
493 3 4 1782 1783 1784 1785 
494 3 4 1786 1787 1788 1789 
495 3 4 1790 1791 1792 1793 
496 3 3 1794 1795 1796 
497 3 3 1797 1798 1799 
498 3 4 1800 1801 1802 1803 
499 3 4 1804 1805 1806 1807 
500 3 4 1808 1809 1810 1811 
501 3 3 1812 1813 1814 
502 3 3 1815 1816 1817 
503 3 4 1818 1819 1820 1821 
504 3 4 1822 1823 1824 1825 
505 3 4 1826 1827 1828 1829 
506 3 3 1830 1831 1832 
507 3 4 1833 1834 1835 1836 
508 3 4 1837 1838 1839 1840 
509 3 4 1841 1842 1843 1844 
510 3 4 1845 1846 1847 1848 
511 3 4 1849 1850 1851 1852 
512 3 4 1853 1854 1855 1856 
513 3 3 1857 1858 1859 
514 3 3 1860 1861 1862 
515 3 3 1863 1864 1865 
516 3 3 1866 1867 1868 
517 3 3 1869 1870 1871 
518 3 3 1872 1873 1874 
519 3 4 1875 1876 1877 1878 
520 3 4 1879 1880 1881 1882 
521 3 4 1883 1884 1885 1886 
522 3 3 1887 1888 1889 
523 3 3 1890 1891 1892 
524 3 4 1893 1894 1895 1896 
525 3 4 1897 1898 1899 1900 
526 3 4 1901 1902 1903 1904 
527 3 3 1905 1906 1907 
528 3 3 1908 1909 1910 
529 3 4 1911 1912 1913 1914 
530 3 4 1915 1916 1917 1918 
531 3 4 1919 1920 1921 1922 
532 3 4 1923 1924 1925 1926 
533 3 4 1927 1928 1929 1930 
534 3 4 1931 1932 1933 1934 
535 3 4 1935 1936 1937 1938 
536 3 4 1939 1940 1941 1942 
537 3 4 1943 1944 1945 1946 
538 3 4 1947 1948 1949 1950 
539 3 4 1951 1952 1953 1954 
540 3 4 1955 1956 1957 1958 
541 3 4 1959 1960 1961 1962 
542 3 4 1963 1964 1965 1966 
543 3 4 1967 1968 1969 1970 
544 3 4 1971 1972 1973 1974 
545 3 4 1975 1976 1977 1978 
546 3 4 1979 1980 1981 1982 
547 3 4 1983 1984 1985 1986 
548 3 4 1987 1988 1989 1990 
549 3 4 1991 1992 1993 1994 
550 3 4 1995 1996 1997 1998 
551 3 4 1999 2000 2001 2002 
552 3 4 2003 2004 2005 2006 
553 3 4 2007 2008 2009 2010 
554 3 4 2011 2012 2013 2014 
555 3 4 2015 2016 2017 2018 
556 3 3 2019 2020 2021 
557 3 3 2022 2023 2024 
558 3 4 2025 2026 2027 2028 
559 3 4 2029 2030 2031 2032 
560 3 4 2033 2034 2035 2036 
561 3 4 2037 2038 2039 2040 
562 3 4 2041 2042 2043 2044 
563 3 4 2045 2046 2047 2048 
564 3 3 2049 2050 2051 
565 3 3 2052 2053 2054 
566 3 3 2055 2056 2057 
567 3 4 2058 2059 2060 2061 
568 3 4 2062 2063 2064 2065 
569 3 4 2066 2067 2068 2069 
570 3 4 2070 2071 2072 2073 
571 3 4 2074 2075 2076 2077 
572 3 4 2078 2079 2080 2081 
573 3 4 2082 2083 2084 2085 
574 3 4 2086 2087 2088 2089 
575 3 4 2090 2091 2092 2093 
576 3 4 2094 2095 2096 2097 
577 3 4 2098 2099 2100 2101 
578 3 4 2102 2103 2104 2105 
579 3 3 2106 2107 2108 
580 3 3 2109 2110 2111 
581 3 3 2112 2113 2114 
582 3 3 2115 2116 2117 
583 3 3 2118 2119 2120 
584 3 3 2121 2122 2123 
585 3 3 2124 2125 2126 
586 3 3 2127 2128 2129 
587 3 4 2130 2131 2132 2133 
588 3 4 2134 2135 2136 2137 
589 3 4 2138 2139 2140 2141 
590 3 4 2142 2143 2144 2145 
591 3 4 2146 2147 2148 2149 
592 3 4 2150 2151 2152 2153 
593 3 4 2154 2155 2156 2157 
594 3 4 2158 2159 2160 2161 
595 3 4 2162 2163 2164 2165 
596 3 4 2166 2167 2168 2169 
597 3 4 2170 2171 2172 2173 
598 3 4 2174 2175 2176 2177 
599 3 4 2178 2179 2180 2181 
600 3 4 2182 2183 2184 2185 
601 3 4 2186 2187 2188 2189 
602 3 4 2190 2191 2192 2193 
603 3 4 2194 2195 2196 2197 
604 3 4 2198 2199 2200 2201 
605 3 4 2202 2203 2204 2205 
606 3 4 2206 2207 2208 2209 
607 3 4 2210 2211 2212 2213 
608 3 4 2214 2215 2216 2217 
609 3 4 2218 2219 2220 2221 
610 3 3 2222 2223 2224 
611 3 4 2225 2226 2227 2228 
612 3 4 2229 2230 2231 2232 
613 3 4 2233 2234 2235 2236 
614 3 4 2237 2238 2239 2240 
615 3 4 2241 2242 2243 2244 
616 3 4 2245 2246 2247 2248 
617 3 3 2249 2250 2251 
618 3 3 2252 2253 2254 
619 3 3 2255 2256 2257 
620 3 3 2258 2259 2260 
621 3 3 2261 2262 2263 
622 3 3 2264 2265 2266 
623 3 3 2267 2268 2269 
624 3 4 2270 2271 2272 2273 
625 3 4 2274 2275 2276 2277 
626 3 4 2278 2279 2280 2281 
627 3 4 2282 2283 2284 2285 
628 3 4 2286 2287 2288 2289 
629 3 4 2290 2291 2292 2293 
630 3 4 2294 2295 2296 2297 
631 3 4 2298 2299 2300 2301 
632 3 4 2302 2303 2304 2305 
633 3 4 2306 2307 2308 2309 
634 3 4 2310 2311 2312 2313 
635 3 4 2314 2315 2316 2317 
636 3 4 2318 2319 2320 2321 
637 3 4 2322 2323 2324 2325 
638 3 4 2326 2327 2328 2329 
639 3 6 2330 2331 2332 2333 2334 2335 
640 3 6 2336 2337 2338 2339 2340 2341 
641 3 6 2342 2343 2344 2345 2346 2347 
642 3 4 2348 2349 2350 2351 
643 3 4 2352 2353 2354 2355 
644 3 4 2356 2357 2358 2359 
645 3 3 2360 2361 2362 
646 3 3 2363 2364 2365 
647 3 4 2366 2367 2368 2369 
648 3 4 2370 2371 2372 2373 
649 3 4 2374 2375 2376 2377 
650 3 4 2378 2379 2380 2381 
651 3 4 2382 2383 2384 2385 
652 3 4 2386 2387 2388 2389 
653 3 3 2390 2391 2392 
654 3 4 2393 2394 2395 2396 
655 3 4 2397 2398 2399 2400 
656 3 4 2401 2402 2403 2404 
657 3 3 2405 2406 2407 
658 3 3 2408 2409 2410 
659 3 4 2411 2412 2413 2414 
660 3 4 2415 2416 2417 2418 
661 3 4 2419 2420 2421 2422 
662 3 4 2423 2424 2425 2426 
663 3 4 2427 2428 2429 2430 
664 3 4 2431 2432 2433 2434 
665 3 3 2435 2436 2437 
666 3 3 2438 2439 2440 
667 3 4 2441 2442 2443 2444 
668 3 4 2445 2446 2447 2448 
669 3 4 2449 2450 2451 2452 
670 3 3 2453 2454 2455 
671 3 5 2456 2457 2458 2459 2460 
672 3 5 2461 2462 2463 2464 2465 
673 3 5 2466 2467 2468 2469 2470 
674 3 4 2471 2472 2473 2474 
675 3 4 2475 2476 2477 2478 
676 3 4 2479 2480 2481 2482 
677 3 4 2483 2484 2485 2486 
678 3 4 2487 2488 2489 2490 
679 3 4 2491 2492 2493 2494 
680 3 4 2495 2496 2497 2498 
681 3 4 2499 2500 2501 2502 
682 3 4 2503 2504 2505 2506 
683 3 4 2507 2508 2509 2510 
684 3 4 2511 2512 2513 2514 
685 3 4 2515 2516 2517 2518 
686 3 3 2519 2520 2521 
687 3 4 2522 2523 2524 2525 
688 3 4 2526 2527 2528 2529 
689 3 4 2530 2531 2532 2533 
690 3 3 2534 2535 2536 
691 3 3 2537 2538 2539 
692 3 4 2540 2541 2542 2543 
693 3 4 2544 2545 2546 2547 
694 3 4 2548 2549 2550 2551 
695 3 3 2552 2553 2554 
696 3 3 2555 2556 2557 
697 3 4 2558 2559 2560 2561 
698 3 4 2562 2563 2564 2565 
699 3 4 2566 2567 2568 2569 
700 3 3 2570 2571 2572 
701 3 3 2573 2574 2575 
702 3 4 2576 2577 2578 2579 
703 3 4 2580 2581 2582 2583 
704 3 4 2584 2585 2586 2587 
705 3 4 2588 2589 2590 2591 
706 3 4 2592 2593 2594 2595 
707 3 4 2596 2597 2598 2599 
708 3 4 2600 2601 2602 2603 
709 3 4 2604 2605 2606 2607 
710 3 4 2608 2609 2610 2611 
=======
Sector ID, Channel separation constraint, Number of TRXs, List of TRX IDs
0 3 4 0 1 2 3 
1 3 4 4 5 6 7 
2 3 4 8 9 10 11 
3 3 4 12 13 14 15 
4 3 4 16 17 18 19 
5 3 4 20 21 22 23 
6 3 3 24 25 26 
7 3 3 27 28 29 
8 3 3 30 31 32 
9 3 3 33 34 35 
10 3 4 36 37 38 39 
11 3 4 40 41 42 43 
12 3 4 44 45 46 47 
13 3 3 48 49 50 
14 3 3 51 52 53 
15 3 3 54 55 56 
16 3 3 57 58 59 
17 3 4 60 61 62 63 
18 3 4 64 65 66 67 
19 3 4 68 69 70 71 
20 3 3 72 73 74 
21 3 3 75 76 77 
22 3 4 78 79 80 81 
23 3 4 82 83 84 85 
24 3 4 86 87 88 89 
25 3 3 90 91 92 
26 3 3 93 94 95 
27 3 3 96 97 98 
28 3 3 99 100 101 
29 3 4 102 103 104 105 
30 3 4 106 107 108 109 
31 3 4 110 111 112 113 
32 3 4 114 115 116 117 
33 3 4 118 119 120 121 
34 3 4 122 123 124 125 
35 3 4 126 127 128 129 
36 3 4 130 131 132 133 
37 3 4 134 135 136 137 
38 3 4 138 139 140 141 
39 3 4 142 143 144 145 
40 3 4 146 147 148 149 
41 3 3 150 151 152 
42 3 3 153 154 155 
43 3 4 156 157 158 159 
44 3 4 160 161 162 163 
45 3 4 164 165 166 167 
46 3 4 168 169 170 171 
47 3 4 172 173 174 175 
48 3 4 176 177 178 179 
49 3 3 180 181 182 
50 3 3 183 184 185 
51 3 4 186 187 188 189 
52 3 4 190 191 192 193 
53 3 4 194 195 196 197 
54 3 4 198 199 200 201 
55 3 4 202 203 204 205 
56 3 4 206 207 208 209 
57 3 3 210 211 212 
58 3 3 213 214 215 
59 3 3 216 217 218 
60 3 3 219 220 221 
61 3 3 222 223 224 
62 3 3 225 226 227 
63 3 3 228 229 230 
64 3 3 231 232 233 
65 3 3 234 235 236 
66 3 3 237 238 239 
67 3 3 240 241 242 
68 3 3 243 244 245 
69 3 4 246 247 248 249 
70 3 4 250 251 252 253 
71 3 4 254 255 256 257 
72 3 3 258 259 260 
73 3 3 261 262 263 
74 3 3 264 265 266 
75 3 3 267 268 269 
76 3 4 270 271 272 273 
77 3 4 274 275 276 277 
78 3 4 278 279 280 281 
79 3 3 282 283 284 
80 3 3 285 286 287 
81 3 4 288 289 290 291 
82 3 4 292 293 294 295 
83 3 4 296 297 298 299 
84 3 3 300 301 302 
85 3 3 303 304 305 
86 3 3 306 307 308 
87 3 3 309 310 311 
88 3 3 312 313 314 
89 3 3 315 316 317 
90 3 3 318 319 320 
91 3 3 321 322 323 
92 3 3 324 325 326 
93 3 3 327 328 329 
94 3 3 330 331 332 
95 3 3 333 334 335 
96 3 3 336 337 338 
97 3 3 339 340 341 
98 3 4 342 343 344 345 
99 3 4 346 347 348 349 
100 3 4 350 351 352 353 
101 3 3 354 355 356 
102 3 3 357 358 359 
103 3 3 360 361 362 
104 3 3 363 364 365 
105 3 4 366 367 368 369 
106 3 4 370 371 372 373 
107 3 4 374 375 376 377 
108 3 3 378 379 380 
109 3 3 381 382 383 
110 3 3 384 385 386 
111 3 3 387 388 389 
112 3 3 390 391 392 
113 3 3 393 394 395 
114 3 3 396 397 398 
115 3 3 399 400 401 
116 3 3 402 403 404 
117 3 3 405 406 407 
118 3 4 408 409 410 411 
119 3 4 412 413 414 415 
120 3 4 416 417 418 419 
121 3 4 420 421 422 423 
122 3 4 424 425 426 427 
123 3 4 428 429 430 431 
124 3 3 432 433 434 
125 3 3 435 436 437 
126 3 3 438 439 440 
127 3 3 441 442 443 
128 3 3 444 445 446 
129 3 3 447 448 449 
130 3 4 450 451 452 453 
131 3 4 454 455 456 457 
132 3 4 458 459 460 461 
133 3 3 462 463 464 
134 3 3 465 466 467 
135 3 3 468 469 470 
136 3 3 471 472 473 
137 3 3 474 475 476 
138 3 3 477 478 479 
139 3 4 480 481 482 483 
140 3 4 484 485 486 487 
141 3 4 488 489 490 491 
142 3 3 492 493 494 
143 3 3 495 496 497 
144 3 4 498 499 500 501 
145 3 4 502 503 504 505 
146 3 4 506 507 508 509 
147 3 4 510 511 512 513 
148 3 4 514 515 516 517 
149 3 4 518 519 520 521 
150 3 4 522 523 524 525 
151 3 4 526 527 528 529 
152 3 4 530 531 532 533 
153 3 4 534 535 536 537 
154 3 4 538 539 540 541 
155 3 4 542 543 544 545 
156 3 4 546 547 548 549 
157 3 4 550 551 552 553 
158 3 4 554 555 556 557 
159 3 3 558 559 560 
160 3 3 561 562 563 
161 3 4 564 565 566 567 
162 3 4 568 569 570 571 
163 3 4 572 573 574 575 
164 3 4 576 577 578 579 
165 3 4 580 581 582 583 
166 3 4 584 585 586 587 
167 3 4 588 589 590 591 
168 3 4 592 593 594 595 
169 3 4 596 597 598 599 
170 3 4 600 601 602 603 
171 3 4 604 605 606 607 
172 3 4 608 609 610 611 
173 3 3 612 613 614 
174 3 3 615 616 617 
175 3 3 618 619 620 
176 3 3 621 622 623 
177 3 4 624 625 626 627 
178 3 4 628 629 630 631 
179 3 4 632 633 634 635 
180 3 4 636 637 638 639 
181 3 4 640 641 642 643 
182 3 4 644 645 646 647 
183 3 4 648 649 650 651 
184 3 4 652 653 654 655 
185 3 4 656 657 658 659 
186 3 3 660 661 662 
187 3 3 663 664 665 
188 3 4 666 667 668 669 
189 3 4 670 671 672 673 
190 3 4 674 675 676 677 
191 3 4 678 679 680 681 
192 3 4 682 683 684 685 
193 3 4 686 687 688 689 
194 3 4 690 691 692 693 
195 3 4 694 695 696 697 
196 3 4 698 699 700 701 
197 3 4 702 703 704 705 
198 3 4 706 707 708 709 
199 3 4 710 711 712 713 
200 3 4 714 715 716 717 
201 3 4 718 719 720 721 
202 3 4 722 723 724 725 
203 3 3 726 727 728 
204 3 4 729 730 731 732 
205 3 4 733 734 735 736 
206 3 4 737 738 739 740 
207 3 3 741 742 743 
208 3 3 744 745 746 
209 3 3 747 748 749 
210 3 3 750 751 752 
211 3 4 753 754 755 756 
212 3 4 757 758 759 760 
213 3 4 761 762 763 764 
214 3 3 765 766 767 
215 3 3 768 769 770 
216 3 3 771 772 773 
217 3 3 774 775 776 
218 3 3 777 778 779 
219 3 3 780 781 782 
220 3 4 783 784 785 786 
221 3 4 787 788 789 790 
222 3 4 791 792 793 794 
223 3 3 795 796 797 
224 3 3 798 799 800 
225 3 4 801 802 803 804 
226 3 4 805 806 807 808 
227 3 4 809 810 811 812 
228 3 3 813 814 815 
229 3 3 816 817 818 
230 3 4 819 820 821 822 
231 3 4 823 824 825 826 
232 3 4 827 828 829 830 
233 3 3 831 832 833 
234 3 4 834 835 836 837 
235 3 4 838 839 840 841 
236 3 4 842 843 844 845 
237 3 4 846 847 848 849 
238 3 4 850 851 852 853 
239 3 4 854 855 856 857 
240 3 4 858 859 860 861 
241 3 4 862 863 864 865 
242 3 4 866 867 868 869 
243 3 3 870 871 872 
244 3 4 873 874 875 876 
245 3 4 877 878 879 880 
246 3 4 881 882 883 884 
247 3 4 885 886 887 888 
248 3 4 889 890 891 892 
249 3 4 893 894 895 896 
250 3 4 897 898 899 900 
251 3 4 901 902 903 904 
252 3 4 905 906 907 908 
253 3 3 909 910 911 
254 3 3 912 913 914 
255 3 3 915 916 917 
256 3 3 918 919 920 
257 3 4 921 922 923 924 
258 3 4 925 926 927 928 
259 3 4 929 930 931 932 
260 3 4 933 934 935 936 
261 3 4 937 938 939 940 
262 3 4 941 942 943 944 
263 3 3 945 946 947 
264 3 3 948 949 950 
265 3 3 951 952 953 
266 3 3 954 955 956 
267 3 3 957 958 959 
268 3 3 960 961 962 
269 3 3 963 964 965 
270 3 3 966 967 968 
271 3 3 969 970 971 
272 3 3 972 973 974 
273 3 3 975 976 977 
274 3 3 978 979 980 
275 3 3 981 982 983 
276 3 3 984 985 986 
277 3 4 987 988 989 990 
278 3 4 991 992 993 994 
279 3 4 995 996 997 998 
280 3 3 999 1000 1001 
281 3 3 1002 1003 1004 
282 3 3 1005 1006 1007 
283 3 3 1008 1009 1010 
284 3 3 1011 1012 1013 
285 3 3 1014 1015 1016 
286 3 4 1017 1018 1019 1020 
287 3 4 1021 1022 1023 1024 
288 3 4 1025 1026 1027 1028 
289 3 4 1029 1030 1031 1032 
290 3 4 1033 1034 1035 1036 
291 3 4 1037 1038 1039 1040 
292 3 3 1041 1042 1043 
293 3 3 1044 1045 1046 
294 3 4 1047 1048 1049 1050 
295 3 4 1051 1052 1053 1054 
296 3 4 1055 1056 1057 1058 
297 3 4 1059 1060 1061 1062 
298 3 4 1063 1064 1065 1066 
299 3 4 1067 1068 1069 1070 
300 3 4 1071 1072 1073 1074 
301 3 4 1075 1076 1077 1078 
302 3 4 1079 1080 1081 1082 
303 3 4 1083 1084 1085 1086 
304 3 4 1087 1088 1089 1090 
305 3 4 1091 1092 1093 1094 
306 3 3 1095 1096 1097 
307 3 3 1098 1099 1100 
308 3 4 1101 1102 1103 1104 
309 3 4 1105 1106 1107 1108 
310 3 4 1109 1110 1111 1112 
311 3 3 1113 1114 1115 
312 3 3 1116 1117 1118 
313 3 3 1119 1120 1121 
314 3 3 1122 1123 1124 
315 3 3 1125 1126 1127 
316 3 4 1128 1129 1130 1131 
317 3 4 1132 1133 1134 1135 
318 3 4 1136 1137 1138 1139 
319 3 3 1140 1141 1142 
320 3 3 1143 1144 1145 
321 3 3 1146 1147 1148 
322 3 4 1149 1150 1151 1152 
323 3 4 1153 1154 1155 1156 
324 3 4 1157 1158 1159 1160 
325 3 4 1161 1162 1163 1164 
326 3 4 1165 1166 1167 1168 
327 3 4 1169 1170 1171 1172 
328 3 3 1173 1174 1175 
329 3 3 1176 1177 1178 
330 3 3 1179 1180 1181 
331 3 3 1182 1183 1184 
332 3 3 1185 1186 1187 
333 3 3 1188 1189 1190 
334 3 3 1191 1192 1193 
335 3 3 1194 1195 1196 
336 3 4 1197 1198 1199 1200 
337 3 4 1201 1202 1203 1204 
338 3 4 1205 1206 1207 1208 
339 3 4 1209 1210 1211 1212 
340 3 4 1213 1214 1215 1216 
341 3 4 1217 1218 1219 1220 
342 3 3 1221 1222 1223 
343 3 3 1224 1225 1226 
344 3 3 1227 1228 1229 
345 3 4 1230 1231 1232 1233 
346 3 4 1234 1235 1236 1237 
347 3 4 1238 1239 1240 1241 
348 3 4 1242 1243 1244 1245 
349 3 4 1246 1247 1248 1249 
350 3 4 1250 1251 1252 1253 
351 3 4 1254 1255 1256 1257 
352 3 4 1258 1259 1260 1261 
353 3 4 1262 1263 1264 1265 
354 3 4 1266 1267 1268 1269 
355 3 4 1270 1271 1272 1273 
356 3 4 1274 1275 1276 1277 
357 3 4 1278 1279 1280 1281 
358 3 4 1282 1283 1284 1285 
359 3 4 1286 1287 1288 1289 
360 3 4 1290 1291 1292 1293 
361 3 4 1294 1295 1296 1297 
362 3 4 1298 1299 1300 1301 
363 3 4 1302 1303 1304 1305 
364 3 4 1306 1307 1308 1309 
365 3 4 1310 1311 1312 1313 
366 3 4 1314 1315 1316 1317 
367 3 4 1318 1319 1320 1321 
368 3 4 1322 1323 1324 1325 
369 3 3 1326 1327 1328 
370 3 3 1329 1330 1331 
371 3 4 1332 1333 1334 1335 
372 3 4 1336 1337 1338 1339 
373 3 4 1340 1341 1342 1343 
374 3 4 1344 1345 1346 1347 
375 3 4 1348 1349 1350 1351 
376 3 4 1352 1353 1354 1355 
377 3 3 1356 1357 1358 
378 3 4 1359 1360 1361 1362 
379 3 4 1363 1364 1365 1366 
380 3 4 1367 1368 1369 1370 
381 3 3 1371 1372 1373 
382 3 3 1374 1375 1376 
383 3 3 1377 1378 1379 
384 3 3 1380 1381 1382 
385 3 3 1383 1384 1385 
386 3 3 1386 1387 1388 
387 3 3 1389 1390 1391 
388 3 3 1392 1393 1394 
389 3 3 1395 1396 1397 
390 3 3 1398 1399 1400 
391 3 4 1401 1402 1403 1404 
392 3 4 1405 1406 1407 1408 
393 3 4 1409 1410 1411 1412 
394 3 3 1413 1414 1415 
395 3 3 1416 1417 1418 
396 3 3 1419 1420 1421 
397 3 3 1422 1423 1424 
398 3 3 1425 1426 1427 
399 3 3 1428 1429 1430 
400 3 3 1431 1432 1433 
401 3 4 1434 1435 1436 1437 
402 3 4 1438 1439 1440 1441 
403 3 4 1442 1443 1444 1445 
404 3 4 1446 1447 1448 1449 
405 3 4 1450 1451 1452 1453 
406 3 4 1454 1455 1456 1457 
407 3 4 1458 1459 1460 1461 
408 3 4 1462 1463 1464 1465 
409 3 4 1466 1467 1468 1469 
410 3 4 1470 1471 1472 1473 
411 3 4 1474 1475 1476 1477 
412 3 4 1478 1479 1480 1481 
413 3 3 1482 1483 1484 
414 3 3 1485 1486 1487 
415 3 3 1488 1489 1490 
416 3 3 1491 1492 1493 
417 3 3 1494 1495 1496 
418 3 3 1497 1498 1499 
419 3 3 1500 1501 1502 
420 3 4 1503 1504 1505 1506 
421 3 4 1507 1508 1509 1510 
422 3 4 1511 1512 1513 1514 
423 3 4 1515 1516 1517 1518 
424 3 4 1519 1520 1521 1522 
425 3 4 1523 1524 1525 1526 
426 3 4 1527 1528 1529 1530 
427 3 4 1531 1532 1533 1534 
428 3 4 1535 1536 1537 1538 
429 3 3 1539 1540 1541 
430 3 3 1542 1543 1544 
431 3 4 1545 1546 1547 1548 
432 3 4 1549 1550 1551 1552 
433 3 4 1553 1554 1555 1556 
434 3 4 1557 1558 1559 1560 
435 3 4 1561 1562 1563 1564 
436 3 4 1565 1566 1567 1568 
437 3 4 1569 1570 1571 1572 
438 3 4 1573 1574 1575 1576 
439 3 4 1577 1578 1579 1580 
440 3 4 1581 1582 1583 1584 
441 3 4 1585 1586 1587 1588 
442 3 4 1589 1590 1591 1592 
443 3 3 1593 1594 1595 
444 3 3 1596 1597 1598 
445 3 4 1599 1600 1601 1602 
446 3 4 1603 1604 1605 1606 
447 3 4 1607 1608 1609 1610 
448 3 4 1611 1612 1613 1614 
449 3 4 1615 1616 1617 1618 
450 3 4 1619 1620 1621 1622 
451 3 4 1623 1624 1625 1626 
452 3 4 1627 1628 1629 1630 
453 3 4 1631 1632 1633 1634 
454 3 3 1635 1636 1637 
455 3 3 1638 1639 1640 
456 3 4 1641 1642 1643 1644 
457 3 4 1645 1646 1647 1648 
458 3 4 1649 1650 1651 1652 
459 3 4 1653 1654 1655 1656 
460 3 4 1657 1658 1659 1660 
461 3 4 1661 1662 1663 1664 
462 3 4 1665 1666 1667 1668 
463 3 4 1669 1670 1671 1672 
464 3 4 1673 1674 1675 1676 
465 3 4 1677 1678 1679 1680 
466 3 4 1681 1682 1683 1684 
467 3 4 1685 1686 1687 1688 
468 3 3 1689 1690 1691 
469 3 3 1692 1693 1694 
470 3 4 1695 1696 1697 1698 
471 3 4 1699 1700 1701 1702 
472 3 4 1703 1704 1705 1706 
473 3 4 1707 1708 1709 1710 
474 3 4 1711 1712 1713 1714 
475 3 4 1715 1716 1717 1718 
476 3 4 1719 1720 1721 1722 
477 3 4 1723 1724 1725 1726 
478 3 4 1727 1728 1729 1730 
479 3 4 1731 1732 1733 1734 
480 3 4 1735 1736 1737 1738 
481 3 4 1739 1740 1741 1742 
482 3 4 1743 1744 1745 1746 
483 3 4 1747 1748 1749 1750 
484 3 4 1751 1752 1753 1754 
485 3 3 1755 1756 1757 
486 3 3 1758 1759 1760 
487 3 3 1761 1762 1763 
488 3 3 1764 1765 1766 
489 3 3 1767 1768 1769 
490 3 4 1770 1771 1772 1773 
491 3 4 1774 1775 1776 1777 
492 3 4 1778 1779 1780 1781 
493 3 4 1782 1783 1784 1785 
494 3 4 1786 1787 1788 1789 
495 3 4 1790 1791 1792 1793 
496 3 3 1794 1795 1796 
497 3 3 1797 1798 1799 
498 3 4 1800 1801 1802 1803 
499 3 4 1804 1805 1806 1807 
500 3 4 1808 1809 1810 1811 
501 3 3 1812 1813 1814 
502 3 3 1815 1816 1817 
503 3 4 1818 1819 1820 1821 
504 3 4 1822 1823 1824 1825 
505 3 4 1826 1827 1828 1829 
506 3 3 1830 1831 1832 
507 3 4 1833 1834 1835 1836 
508 3 4 1837 1838 1839 1840 
509 3 4 1841 1842 1843 1844 
510 3 4 1845 1846 1847 1848 
511 3 4 1849 1850 1851 1852 
512 3 4 1853 1854 1855 1856 
513 3 3 1857 1858 1859 
514 3 3 1860 1861 1862 
515 3 3 1863 1864 1865 
516 3 3 1866 1867 1868 
517 3 3 1869 1870 1871 
518 3 3 1872 1873 1874 
519 3 4 1875 1876 1877 1878 
520 3 4 1879 1880 1881 1882 
521 3 4 1883 1884 1885 1886 
522 3 3 1887 1888 1889 
523 3 3 1890 1891 1892 
524 3 4 1893 1894 1895 1896 
525 3 4 1897 1898 1899 1900 
526 3 4 1901 1902 1903 1904 
527 3 3 1905 1906 1907 
528 3 3 1908 1909 1910 
529 3 4 1911 1912 1913 1914 
530 3 4 1915 1916 1917 1918 
531 3 4 1919 1920 1921 1922 
532 3 4 1923 1924 1925 1926 
533 3 4 1927 1928 1929 1930 
534 3 4 1931 1932 1933 1934 
535 3 4 1935 1936 1937 1938 
536 3 4 1939 1940 1941 1942 
537 3 4 1943 1944 1945 1946 
538 3 4 1947 1948 1949 1950 
539 3 4 1951 1952 1953 1954 
540 3 4 1955 1956 1957 1958 
541 3 4 1959 1960 1961 1962 
542 3 4 1963 1964 1965 1966 
543 3 4 1967 1968 1969 1970 
544 3 4 1971 1972 1973 1974 
545 3 4 1975 1976 1977 1978 
546 3 4 1979 1980 1981 1982 
547 3 4 1983 1984 1985 1986 
548 3 4 1987 1988 1989 1990 
549 3 4 1991 1992 1993 1994 
550 3 4 1995 1996 1997 1998 
551 3 4 1999 2000 2001 2002 
552 3 4 2003 2004 2005 2006 
553 3 4 2007 2008 2009 2010 
554 3 4 2011 2012 2013 2014 
555 3 4 2015 2016 2017 2018 
556 3 3 2019 2020 2021 
557 3 3 2022 2023 2024 
558 3 4 2025 2026 2027 2028 
559 3 4 2029 2030 2031 2032 
560 3 4 2033 2034 2035 2036 
561 3 4 2037 2038 2039 2040 
562 3 4 2041 2042 2043 2044 
563 3 4 2045 2046 2047 2048 
564 3 3 2049 2050 2051 
565 3 3 2052 2053 2054 
566 3 3 2055 2056 2057 
567 3 4 2058 2059 2060 2061 
568 3 4 2062 2063 2064 2065 
569 3 4 2066 2067 2068 2069 
570 3 4 2070 2071 2072 2073 
571 3 4 2074 2075 2076 2077 
572 3 4 2078 2079 2080 2081 
573 3 4 2082 2083 2084 2085 
574 3 4 2086 2087 2088 2089 
575 3 4 2090 2091 2092 2093 
576 3 4 2094 2095 2096 2097 
577 3 4 2098 2099 2100 2101 
578 3 4 2102 2103 2104 2105 
579 3 3 2106 2107 2108 
580 3 3 2109 2110 2111 
581 3 3 2112 2113 2114 
582 3 3 2115 2116 2117 
583 3 3 2118 2119 2120 
584 3 3 2121 2122 2123 
585 3 3 2124 2125 2126 
586 3 3 2127 2128 2129 
587 3 4 2130 2131 2132 2133 
588 3 4 2134 2135 2136 2137 
589 3 4 2138 2139 2140 2141 
590 3 4 2142 2143 2144 2145 
591 3 4 2146 2147 2148 2149 
592 3 4 2150 2151 2152 2153 
593 3 4 2154 2155 2156 2157 
594 3 4 2158 2159 2160 2161 
595 3 4 2162 2163 2164 2165 
596 3 4 2166 2167 2168 2169 
597 3 4 2170 2171 2172 2173 
598 3 4 2174 2175 2176 2177 
599 3 4 2178 2179 2180 2181 
600 3 4 2182 2183 2184 2185 
601 3 4 2186 2187 2188 2189 
602 3 4 2190 2191 2192 2193 
603 3 4 2194 2195 2196 2197 
604 3 4 2198 2199 2200 2201 
605 3 4 2202 2203 2204 2205 
606 3 4 2206 2207 2208 2209 
607 3 4 2210 2211 2212 2213 
608 3 4 2214 2215 2216 2217 
609 3 4 2218 2219 2220 2221 
610 3 3 2222 2223 2224 
611 3 4 2225 2226 2227 2228 
612 3 4 2229 2230 2231 2232 
613 3 4 2233 2234 2235 2236 
614 3 4 2237 2238 2239 2240 
615 3 4 2241 2242 2243 2244 
616 3 4 2245 2246 2247 2248 
617 3 3 2249 2250 2251 
618 3 3 2252 2253 2254 
619 3 3 2255 2256 2257 
620 3 3 2258 2259 2260 
621 3 3 2261 2262 2263 
622 3 3 2264 2265 2266 
623 3 3 2267 2268 2269 
624 3 4 2270 2271 2272 2273 
625 3 4 2274 2275 2276 2277 
626 3 4 2278 2279 2280 2281 
627 3 4 2282 2283 2284 2285 
628 3 4 2286 2287 2288 2289 
629 3 4 2290 2291 2292 2293 
630 3 4 2294 2295 2296 2297 
631 3 4 2298 2299 2300 2301 
632 3 4 2302 2303 2304 2305 
633 3 4 2306 2307 2308 2309 
634 3 4 2310 2311 2312 2313 
635 3 4 2314 2315 2316 2317 
636 3 4 2318 2319 2320 2321 
637 3 4 2322 2323 2324 2325 
638 3 4 2326 2327 2328 2329 
639 3 6 2330 2331 2332 2333 2334 2335 
640 3 6 2336 2337 2338 2339 2340 2341 
641 3 6 2342 2343 2344 2345 2346 2347 
642 3 4 2348 2349 2350 2351 
643 3 4 2352 2353 2354 2355 
644 3 4 2356 2357 2358 2359 
645 3 3 2360 2361 2362 
646 3 3 2363 2364 2365 
647 3 4 2366 2367 2368 2369 
648 3 4 2370 2371 2372 2373 
649 3 4 2374 2375 2376 2377 
650 3 4 2378 2379 2380 2381 
651 3 4 2382 2383 2384 2385 
652 3 4 2386 2387 2388 2389 
653 3 3 2390 2391 2392 
654 3 4 2393 2394 2395 2396 
655 3 4 2397 2398 2399 2400 
656 3 4 2401 2402 2403 2404 
657 3 3 2405 2406 2407 
658 3 3 2408 2409 2410 
659 3 4 2411 2412 2413 2414 
660 3 4 2415 2416 2417 2418 
661 3 4 2419 2420 2421 2422 
662 3 4 2423 2424 2425 2426 
663 3 4 2427 2428 2429 2430 
664 3 4 2431 2432 2433 2434 
665 3 3 2435 2436 2437 
666 3 3 2438 2439 2440 
667 3 4 2441 2442 2443 2444 
668 3 4 2445 2446 2447 2448 
669 3 4 2449 2450 2451 2452 
670 3 3 2453 2454 2455 
671 3 5 2456 2457 2458 2459 2460 
672 3 5 2461 2462 2463 2464 2465 
673 3 5 2466 2467 2468 2469 2470 
674 3 4 2471 2472 2473 2474 
675 3 4 2475 2476 2477 2478 
676 3 4 2479 2480 2481 2482 
677 3 4 2483 2484 2485 2486 
678 3 4 2487 2488 2489 2490 
679 3 4 2491 2492 2493 2494 
680 3 4 2495 2496 2497 2498 
681 3 4 2499 2500 2501 2502 
682 3 4 2503 2504 2505 2506 
683 3 4 2507 2508 2509 2510 
684 3 4 2511 2512 2513 2514 
685 3 4 2515 2516 2517 2518 
686 3 3 2519 2520 2521 
687 3 4 2522 2523 2524 2525 
688 3 4 2526 2527 2528 2529 
689 3 4 2530 2531 2532 2533 
690 3 3 2534 2535 2536 
691 3 3 2537 2538 2539 
692 3 4 2540 2541 2542 2543 
693 3 4 2544 2545 2546 2547 
694 3 4 2548 2549 2550 2551 
695 3 3 2552 2553 2554 
696 3 3 2555 2556 2557 
697 3 4 2558 2559 2560 2561 
698 3 4 2562 2563 2564 2565 
699 3 4 2566 2567 2568 2569 
700 3 3 2570 2571 2572 
701 3 3 2573 2574 2575 
702 3 4 2576 2577 2578 2579 
703 3 4 2580 2581 2582 2583 
704 3 4 2584 2585 2586 2587 
705 3 4 2588 2589 2590 2591 
706 3 4 2592 2593 2594 2595 
707 3 4 2596 2597 2598 2599 
708 3 4 2600 2601 2602 2603 
709 3 4 2604 2605 2606 2607 
710 3 4 2608 2609 2610 2611 
>>>>>>> 0514ea9fae0f841576757defb02235a9189b0fad
