<<<<<<< HEAD
Sector ID, Number of Neighbors Sectors, List of IDs
9 7 102 1150 11 10 100 1104 1156 
10 7 102 11 1150 9 1149 98 101 
11 8 21 64 22 10 9 102 98 97 
12 10 88 66 23 64 14 13 95 27 29 15 
13 13 17 16 23 66 64 83 14 88 29 12 28 89 15 
14 11 89 82 16 62 13 12 85 88 91 95 15 
15 13 12 13 14 29 88 89 90 91 92 93 94 95 96 
16 16 19 82 13 66 18 86 17 87 23 96 84 93 90 83 29 14 
17 8 86 18 16 83 274 66 13 90 
18 11 62 68 90 83 17 80 16 81 84 274 70 
19 16 66 321 1053 562 23 94 320 20 73 577 563 64 74 16 91 995 
20 14 73 61 331 66 19 24 360 23 82 563 94 562 74 62 
21 4 99 11 23 22 
22 8 23 64 11 1150 65 21 99 98 
23 12 12 66 22 65 27 19 20 13 16 64 21 28 
24 5 74 20 73 26 25 
25 5 67 62 26 84 24 
26 4 24 62 61 25 
27 5 28 99 12 23 29 
28 8 23 13 89 66 99 64 29 27 
29 7 89 66 28 27 16 12 13 
61 24 307 62 20 301 847 361 77 71 360 888 889 74 295 331 563 321 72 320 26 66 319 322 310 63 
62 18 69 240 274 25 20 63 276 80 70 74 81 96 61 14 26 66 18 68 
63 6 240 75 78 77 62 61 
64 12 22 89 28 99 12 19 66 13 65 11 23 995 
65 4 22 66 64 23 
66 22 23 61 28 29 83 93 12 65 16 86 89 64 95 13 17 274 20 70 92 19 62 74 
67 5 74 25 69 68 84 
68 7 70 18 69 81 67 84 62 
69 3 62 68 67 
70 7 68 81 276 18 274 66 62 
71 6 61 77 360 889 846 72 
72 4 79 71 75 61 
73 7 74 96 94 19 361 24 20 
74 12 96 24 82 61 20 361 19 360 67 66 73 62 
75 7 79 78 63 77 240 76 72 
76 5 240 75 233 242 277 
77 6 63 61 75 71 79 78 
78 4 63 75 77 79 
79 4 77 78 75 72 
80 3 18 62 81 
81 5 70 18 68 62 80 
82 13 93 14 88 87 74 92 20 16 84 96 83 90 85 
83 10 18 84 82 86 13 90 87 17 66 16 
84 8 18 16 67 83 68 82 90 25 
85 9 89 92 88 82 87 90 86 14 93 
86 8 85 89 83 17 90 16 66 87 
87 8 83 90 82 92 93 16 86 85 
88 13 13 96 82 91 85 14 94 93 89 90 12 95 92 
89 10 88 90 64 85 66 86 13 28 29 14 
90 14 83 18 88 91 85 93 84 89 86 92 16 87 82 17 
91 8 19 93 92 95 90 88 96 14 
92 9 88 91 87 95 82 66 93 90 85 
93 10 87 82 91 16 66 90 85 88 92 96 
94 6 95 73 20 88 19 96 
95 8 88 92 91 66 14 96 94 12 
96 10 93 94 91 88 82 74 73 16 62 95 
97 3 98 11 99 
98 7 99 11 102 22 97 10 1150 
99 7 22 28 64 27 98 21 97 
100 7 1150 102 9 101 1155 1156 1104 
101 6 1150 10 102 100 1104 1149 
102 8 98 9 100 1150 1156 11 101 10 
103 12 1185 106 1148 1187 1161 108 1102 1112 1111 105 104 107 
104 9 1102 1111 105 103 1184 1148 107 1149 1103 
105 10 1104 1103 1102 104 107 103 1185 1148 108 1155 
106 14 1111 108 168 1185 1187 1155 1103 1184 1102 103 1148 1162 1112 107 
107 15 1148 1103 1102 105 104 1184 103 1162 1185 1187 1155 1112 1111 106 108 
108 13 103 1148 1112 1111 1187 1155 106 1184 1103 1102 105 1185 107 
132 25 360 847 295 892 407 330 431 358 893 342 380 874 406 133 329 354 914 294 859 860 891 357 313 905 296 
133 29 380 891 313 972 902 407 905 358 906 406 973 900 330 296 360 901 132 893 892 914 294 860 315 342 903 357 431 846 859 
134 16 557 375 300 293 305 292 304 298 538 335 302 324 589 373 135 310 
135 16 137 337 339 134 375 373 300 298 322 299 589 340 302 338 336 352 
136 14 353 368 362 314 363 308 293 337 370 137 309 333 450 138 
137 13 136 353 138 341 311 312 352 299 298 336 307 370 135 
138 11 341 137 332 314 353 294 363 311 312 136 333 
139 11 450 451 427 141 484 449 405 495 140 496 431 
140 15 428 426 437 484 398 432 449 483 141 427 390 495 139 496 436 
141 14 388 409 450 140 570 484 139 309 424 449 389 483 427 390 
142 2 462 465 
143 2 462 443 
144 5 470 477 422 438 468 
232 10 910 909 853 981 852 847 844 863 234 233 
233 8 277 240 968 890 76 889 234 232 
234 7 853 845 886 863 233 232 231 
291 16 410 327 615 351 569 579 580 543 408 409 397 570 293 682 326 292 
292 24 291 580 579 340 293 134 589 614 338 632 538 304 326 334 339 335 537 543 303 625 578 615 327 592 
293 22 338 327 291 346 292 377 347 374 136 351 326 339 297 328 350 337 134 589 344 409 378 340 
294 10 314 296 313 406 342 311 133 138 295 132 
295 10 296 342 325 311 312 132 314 61 361 294 
296 8 132 133 892 357 294 360 295 329 
297 17 328 339 293 347 337 374 318 298 340 338 299 376 300 324 378 326 346 
298 18 352 340 371 338 134 349 135 374 307 306 373 305 297 299 300 348 137 376 
299 12 336 373 337 371 137 369 135 353 307 352 297 298 
300 14 563 135 324 557 323 578 305 297 301 302 298 134 322 335 
301 10 310 578 608 61 641 324 319 300 320 302 
302 15 320 319 372 300 134 373 331 322 135 467 301 323 324 307 409 
303 14 305 625 632 580 304 537 340 538 582 338 589 592 292 339 
304 11 538 134 334 322 592 305 537 303 335 578 292 
305 11 375 298 304 134 340 589 322 300 339 303 373 
306 9 371 348 372 298 331 307 578 324 349 
307 16 353 372 352 137 349 302 61 298 299 369 306 371 336 348 311 312 
308 6 136 337 309 368 370 316 
309 17 493 316 333 314 136 332 409 341 368 370 308 362 363 141 366 367 337 
310 13 320 798 301 322 61 563 557 641 323 319 562 134 524 
311 12 295 341 294 137 314 138 312 336 307 349 361 342 
312 11 361 349 295 137 342 138 311 314 336 341 307 
313 6 314 133 294 342 333 132 
314 17 363 295 342 136 294 313 406 332 337 364 370 333 138 312 341 311 309 
315 6 133 891 367 406 494 407 
316 10 363 317 362 308 333 318 368 369 309 366 
317 9 318 344 316 345 350 378 409 351 425 
318 12 378 317 345 316 297 377 337 332 347 328 338 346 
319 9 557 321 61 310 320 302 331 323 301 
320 9 301 302 321 563 19 319 310 331 61 
321 5 61 19 319 331 320 
322 10 300 310 304 135 323 61 302 324 305 335 
323 6 300 310 322 324 319 302 
324 11 302 134 300 297 301 322 371 306 323 375 331 
325 4 349 295 360 361 
326 21 327 377 378 346 338 328 293 408 625 292 339 569 340 291 347 350 615 579 351 297 486 
327 11 291 579 326 580 328 292 615 293 625 340 338 
328 10 297 340 338 347 326 377 327 318 293 378 
329 6 330 358 892 296 132 360 
330 10 893 360 892 359 132 133 358 846 329 914 
331 12 320 324 319 348 20 306 302 372 361 321 371 61 
332 10 318 333 450 406 380 309 364 314 367 138 
333 11 138 309 332 337 364 406 494 314 136 316 313 
334 3 304 335 292 
335 10 300 292 538 375 304 334 632 134 578 322 
336 12 137 299 372 311 369 353 307 312 352 371 349 135 
337 26 333 135 347 309 366 293 297 449 338 314 346 451 136 450 362 369 493 397 318 409 308 299 371 368 452 340 
338 25 374 297 369 135 625 368 303 538 589 327 326 328 346 632 339 378 347 580 298 318 292 340 373 337 293 
339 13 589 340 632 580 326 292 297 293 135 538 305 338 303 
340 23 328 625 297 339 326 538 298 377 337 378 338 344 347 293 292 632 580 589 303 305 346 327 135 
341 8 342 309 311 353 138 137 314 312 
342 9 295 311 133 294 314 132 312 341 313 
343 11 493 449 425 397 424 344 501 345 350 409 450 
344 9 377 317 293 340 351 345 343 378 350 
345 10 317 362 318 378 351 350 343 344 365 409 
346 11 293 326 337 347 377 340 378 297 338 374 318 
347 10 337 340 346 326 293 350 338 297 328 318 
348 6 298 307 331 361 349 306 
349 9 348 311 312 325 298 361 306 307 336 
350 17 467 326 569 317 293 397 466 403 347 448 425 500 345 409 351 343 344 
351 12 291 293 345 397 350 377 326 344 317 569 579 409 
352 11 307 370 336 353 368 298 369 299 371 137 135 
353 13 352 137 341 371 369 370 136 336 368 307 299 138 363 
354 4 360 132 356 355 
355 5 356 354 875 360 874 
356 3 875 355 354 
357 7 296 358 360 359 891 133 132 
358 8 892 359 360 357 133 132 329 330 
359 6 330 905 891 358 892 357 
360 17 905 355 358 132 61 296 329 875 20 357 874 354 133 325 71 330 74 
361 10 311 348 312 61 325 349 331 74 295 73 
362 12 337 366 493 345 363 316 309 406 136 367 368 364 
363 10 364 136 370 316 138 309 353 368 362 314 
364 5 362 363 314 332 333 
365 8 424 425 378 409 366 345 367 501 
366 7 337 316 362 309 365 368 367 
367 9 365 315 366 501 406 493 362 309 332 
368 13 369 352 353 309 370 308 136 337 362 363 316 338 366 
369 10 316 370 368 338 352 337 336 307 299 353 
370 10 352 369 353 363 309 368 136 308 314 137 
371 12 298 373 299 353 306 336 331 337 352 307 324 372 
372 8 371 306 331 302 307 376 336 373 
373 10 134 338 135 376 302 371 299 305 372 298 
374 7 298 346 375 376 293 338 297 
375 7 324 134 135 374 376 305 335 
376 6 372 297 298 374 375 373 
377 11 344 326 340 318 351 293 346 378 328 579 580 
378 15 326 318 579 580 344 317 340 345 346 338 365 297 293 377 328 
379 27 437 380 426 492 497 399 930 490 440 381 439 400 398 387 475 434 797 474 430 428 433 491 896 436 908 481 432 
380 23 491 452 133 431 430 859 492 427 381 429 972 891 405 400 496 132 332 379 488 497 489 407 487 
381 18 908 924 922 859 972 899 923 379 898 434 897 433 896 482 877 380 974 915 
382 30 470 704 662 503 653 443 702 654 479 454 478 473 462 442 393 455 420 422 383 391 453 839 392 509 396 384 663 441 472 402 
383 28 480 473 384 420 449 424 388 393 382 390 499 409 425 397 438 469 702 479 426 435 478 466 427 468 455 467 442 389 
384 10 839 425 454 466 467 383 836 837 382 403 
385 6 386 399 415 423 421 387 
386 7 498 399 499 387 385 420 423 
387 11 385 386 474 396 379 399 415 416 423 907 499 
388 11 141 483 480 397 479 424 389 383 390 426 420 
389 10 397 424 451 383 388 483 449 427 141 390 
390 14 427 388 141 480 426 483 451 435 436 449 383 389 420 140 
391 16 653 382 654 402 470 508 509 476 421 469 393 443 507 392 401 453 
392 20 455 704 462 653 654 469 471 834 393 442 391 382 472 443 662 838 509 453 832 441 
393 20 503 470 462 702 509 478 442 654 476 443 422 472 469 392 480 391 383 461 382 471 
394 5 459 791 395 792 793 
395 6 456 394 789 790 656 793 
396 9 413 423 421 415 414 387 470 654 382 
397 18 424 661 466 343 425 337 388 389 409 351 467 291 403 569 543 350 408 383 
398 9 475 437 908 140 432 399 400 474 379 
399 14 420 423 387 438 499 439 480 398 379 386 435 385 400 440 
400 15 492 380 490 437 440 431 432 430 379 930 435 399 491 428 398 
401 8 502 391 507 506 505 402 654 418 
402 7 391 502 443 507 508 382 401 
403 15 384 448 467 670 664 408 350 466 404 660 711 424 397 425 839 
404 8 448 446 661 660 711 466 403 710 
405 10 431 380 139 429 407 497 452 406 494 451 
406 16 973 891 132 892 407 431 367 332 333 315 133 494 314 294 405 362 
407 10 903 891 406 405 494 133 973 315 380 132 
408 18 409 711 743 661 397 447 326 425 485 404 466 410 291 424 701 682 448 403 
409 28 569 424 425 682 302 383 500 661 365 345 493 450 291 351 350 337 317 343 449 466 447 397 410 309 141 293 408 501 
410 13 447 682 486 448 291 408 743 701 485 409 712 569 742 
411 1 857 
412 5 413 458 656 417 788 
413 4 396 412 654 414 
414 8 413 416 396 654 421 958 959 415 
415 6 387 416 414 396 385 423 
416 6 959 387 415 849 414 958 
417 9 659 419 418 458 717 412 652 788 776 
418 10 717 505 718 504 506 419 417 652 654 401 
419 6 652 656 418 654 417 788 
420 16 469 382 438 399 468 480 388 473 442 479 390 383 386 422 439 435 
421 10 469 414 385 422 477 391 470 423 396 476 
422 13 473 420 477 393 476 421 382 423 144 498 499 469 438 
423 12 477 421 499 386 387 422 396 399 415 498 469 385 
424 16 483 365 467 343 425 388 403 408 141 389 383 466 449 426 409 397 
425 16 343 466 483 384 408 467 365 397 350 424 317 383 403 569 409 493 
426 14 427 483 495 484 490 432 140 436 390 428 388 379 383 424 
427 14 452 139 141 426 431 140 484 495 451 428 389 380 390 383 
428 10 140 484 490 426 427 379 491 437 432 400 
429 6 430 380 491 405 497 431 
430 9 487 497 429 431 432 492 379 400 380 
431 17 451 429 406 497 430 491 380 452 400 133 427 132 972 494 488 139 405 
432 17 428 490 437 430 475 930 481 426 433 379 492 434 398 400 908 140 797 
433 8 434 379 908 492 432 797 381 896 
434 8 896 379 433 381 432 797 924 908 
435 12 383 439 399 390 436 400 437 483 420 480 438 484 
436 8 426 379 435 484 490 437 390 140 
437 11 436 439 435 379 398 140 484 432 400 490 428 
438 16 383 439 839 144 479 468 435 399 478 469 480 440 422 477 473 420 
439 10 399 438 440 379 437 478 420 483 480 435 
440 9 480 400 439 379 473 399 475 438 499 
441 16 768 443 510 511 442 392 444 834 382 453 838 472 462 837 702 455 
442 18 441 392 382 472 443 393 455 463 471 465 444 383 479 462 473 464 420 461 
443 20 402 653 441 143 654 444 503 761 442 832 834 462 393 392 453 455 838 382 391 768 
444 5 442 443 463 441 462 
445 2 480 478 
446 9 661 485 448 660 447 682 743 404 711 
447 8 409 661 446 408 485 682 410 448 
448 10 403 661 711 350 408 485 404 447 446 410 
449 17 452 343 141 451 139 500 501 383 140 450 337 389 424 483 390 409 484 
450 12 343 409 500 139 332 501 451 141 136 452 337 449 
451 14 450 431 390 389 494 139 452 427 496 405 337 484 493 449 
452 10 380 494 431 450 337 427 451 891 449 405 
453 21 510 511 443 391 392 470 833 834 455 382 454 508 838 837 509 664 662 441 835 702 703 
454 16 674 833 702 703 453 838 455 675 837 384 836 663 839 664 382 673 
455 20 461 834 453 472 454 702 836 839 480 441 478 383 471 382 462 510 443 442 392 838 
456 6 789 786 790 458 395 457 
457 7 458 788 786 784 656 789 456 
458 11 784 746 417 788 457 744 412 717 456 775 656 
459 5 460 394 794 795 791 
460 2 791 459 
461 9 478 462 393 473 442 455 463 465 464 
462 14 443 143 442 461 463 465 393 464 392 142 382 441 444 455 
463 4 461 462 444 442 
464 4 462 461 702 442 
465 5 462 461 142 442 479 
466 12 350 424 409 403 425 408 384 404 397 383 467 569 
467 10 350 403 397 424 425 569 384 302 383 466 
468 7 144 480 469 420 438 383 498 
469 12 477 383 393 476 391 420 392 468 423 422 421 438 
470 12 393 396 503 507 421 144 453 654 382 477 476 391 
471 8 473 838 472 442 455 392 478 393 
472 10 382 473 471 478 455 441 442 392 393 479 
473 12 440 461 472 438 471 422 383 478 382 420 442 480 
474 7 924 398 475 907 379 387 908 
475 8 907 398 499 379 908 432 440 474 
476 8 422 421 503 391 470 393 469 477 
477 9 498 469 144 421 422 423 470 476 438 
478 16 479 513 512 439 472 461 382 480 383 445 438 838 393 471 473 455 
479 12 420 388 512 478 480 513 383 465 472 442 438 382 
480 18 438 440 439 388 399 383 499 445 455 498 393 420 473 478 435 479 468 390 
481 2 432 379 
482 3 896 381 898 
483 12 390 425 140 435 389 484 439 449 141 388 424 426 
484 16 140 426 491 139 427 436 495 141 451 437 490 435 483 496 449 428 
485 10 743 486 661 448 410 447 660 408 446 711 
486 9 410 569 712 485 743 701 580 326 682 
487 4 430 489 488 380 
488 7 489 972 487 431 494 380 902 
489 6 897 487 972 896 488 380 
490 11 428 400 432 491 426 379 492 436 437 484 495 
491 10 429 495 484 490 431 428 379 400 492 380 
492 10 497 379 432 380 495 430 433 490 491 400 
493 10 409 362 494 337 501 451 367 309 425 343 
494 10 451 333 407 493 488 406 431 452 405 315 
495 10 491 492 484 140 490 497 496 139 427 426 
496 7 140 495 380 451 497 139 484 
497 9 405 380 379 495 496 430 429 431 492 
498 7 386 480 423 499 422 468 477 
499 10 399 386 480 422 475 383 498 387 423 440 
500 5 350 450 409 449 501 
501 8 450 367 343 449 493 409 500 365 
502 7 503 507 834 654 402 509 401 
503 9 502 654 470 443 393 476 509 382 507 
504 4 418 506 505 654 
505 6 506 504 507 654 401 418 
506 5 401 418 507 505 504 
507 10 470 502 505 401 506 402 508 509 391 503 
508 7 391 402 834 453 654 507 509 
509 10 507 508 391 503 453 382 392 502 393 834 
510 4 453 441 455 511 
511 3 453 441 510 
512 2 479 478 
513 2 479 478 
514 12 617 571 638 539 609 573 584 639 540 515 616 613 
515 12 555 609 532 607 584 616 639 686 617 554 642 514 
516 19 995 547 804 562 805 800 806 1053 550 1051 809 581 640 528 802 631 577 630 576 
517 12 518 519 623 620 585 603 546 594 574 812 604 593 
518 12 517 586 604 550 620 807 527 603 546 519 621 820 
519 6 586 621 517 620 585 518 
520 18 572 596 606 597 612 595 635 636 553 529 573 831 637 605 602 598 551 521 
521 21 635 831 540 637 595 602 522 597 599 601 598 551 573 606 567 553 624 596 605 636 520 
522 16 588 537 597 587 592 524 600 606 566 521 577 523 601 591 568 598 
523 12 524 587 588 607 606 529 522 553 641 563 556 798 
524 13 556 798 640 523 578 568 522 563 591 592 641 310 537 
525 14 526 1002 559 1036 1040 982 1016 1037 527 530 1039 993 1069 1031 
526 14 1071 816 1056 993 527 1002 1037 1069 1030 1016 525 559 821 1011 
527 14 816 526 822 813 814 621 525 821 518 560 993 559 824 1037 
528 9 621 516 607 800 534 529 798 550 581 
529 10 641 528 520 534 563 523 607 561 798 581 
530 15 1065 991 1031 558 827 525 828 1037 1040 1064 826 1039 1066 545 992 
531 15 727 603 623 693 740 763 811 769 532 685 766 564 1043 741 671 
532 14 811 583 727 693 810 685 603 766 623 531 658 686 515 812 
533 7 609 534 535 634 620 633 621 
534 8 529 528 535 607 533 633 621 620 
535 9 633 552 607 533 534 829 609 634 830 
536 13 590 540 612 538 636 599 624 619 537 551 601 582 618 
537 16 591 635 619 524 582 292 304 536 636 601 599 303 538 592 522 590 
538 16 582 537 304 340 601 134 303 589 292 632 335 625 592 338 536 339 
539 7 540 613 541 614 638 624 514 
540 12 618 536 539 624 636 599 573 521 612 541 551 514 
541 11 625 599 624 615 539 612 618 540 636 619 614 
542 6 543 570 614 615 657 686 
543 8 615 569 542 579 292 397 291 570 
544 5 992 546 603 545 622 
545 17 603 544 819 827 622 530 565 1064 991 1008 1025 823 992 826 546 828 1065 
546 10 518 593 623 820 603 544 545 622 517 604 
547 10 576 607 562 995 581 516 640 561 1051 577 
548 5 549 813 814 604 550 
549 9 548 815 817 550 993 576 995 814 805 
550 20 800 516 807 805 528 799 548 801 581 630 621 798 808 815 804 518 607 802 549 809 
551 13 567 612 573 599 596 636 618 595 540 637 521 536 520 
552 12 553 572 617 607 609 627 628 535 616 641 610 605 
553 14 552 521 602 606 641 520 572 523 566 609 616 637 605 588 
554 13 575 643 583 639 645 515 642 584 644 648 686 555 810 
555 8 609 642 515 638 645 639 686 554 
556 7 587 798 563 523 641 524 557 
557 9 563 798 641 300 577 556 310 134 319 
558 7 559 560 823 1040 827 1066 530 
559 6 526 1037 560 558 525 527 
560 6 823 559 558 527 824 1037 
561 10 641 640 798 529 577 576 631 563 547 562 
562 14 1051 577 576 310 631 630 19 995 547 563 1053 561 20 516 
563 21 606 1053 587 529 523 61 320 524 20 578 557 798 556 577 310 562 300 561 19 641 640 
564 6 531 825 565 671 650 992 
565 5 545 603 825 671 564 
566 10 587 553 522 591 588 598 597 590 606 600 
567 5 637 636 573 521 551 
568 3 592 522 524 
569 18 543 397 467 410 351 686 486 570 326 350 466 409 712 657 682 425 579 291 
570 9 614 542 615 141 569 712 686 291 543 
571 6 612 617 572 573 609 514 
572 13 605 520 553 612 552 628 637 602 571 616 573 617 609 
573 14 521 602 618 551 636 595 637 540 567 612 520 571 514 572 
574 8 583 810 575 644 646 584 647 517 
575 12 554 583 648 633 574 647 686 644 645 620 810 584 
576 16 562 516 630 577 549 631 805 561 995 547 1052 629 806 581 1051 1053 
577 16 562 640 522 576 516 1053 561 563 547 995 581 607 1051 19 800 557 
578 8 524 563 306 301 300 335 304 292 
579 11 292 543 378 351 580 326 327 615 569 377 291 
580 15 340 303 292 378 338 291 632 327 339 579 625 589 377 615 486 
581 12 550 516 806 1051 607 798 529 547 800 528 577 576 
582 9 601 303 599 590 538 592 537 536 632 
583 12 643 812 646 574 727 532 554 810 647 575 584 686 
584 14 554 646 575 644 613 643 686 647 515 574 648 810 514 583 
585 6 593 594 586 620 517 519 
586 5 585 621 620 518 519 
587 12 592 588 641 600 601 523 591 566 556 522 597 563 
588 9 523 600 591 553 641 566 606 587 522 
589 12 580 538 305 340 292 303 293 135 338 134 339 632 
590 10 624 599 536 601 591 566 582 592 619 537 
591 12 601 566 522 600 588 537 590 635 619 524 592 587 
592 13 292 568 538 537 587 601 524 303 590 582 522 304 591 
593 7 623 517 603 546 622 594 585 
594 7 810 585 603 517 620 812 593 
595 10 551 612 635 520 521 636 602 573 596 637 
596 14 598 597 606 600 619 602 636 595 599 520 635 551 521 637 
597 10 520 566 587 596 600 521 602 606 598 522 
598 11 566 635 601 596 597 520 600 606 521 522 602 
599 15 619 537 521 536 601 618 636 590 596 540 600 541 612 551 582 
600 11 591 619 588 601 599 596 597 587 522 566 598 
601 13 521 590 598 522 592 582 538 591 599 536 587 537 600 
602 16 637 635 605 831 595 598 606 520 521 596 597 553 636 572 573 616 
603 17 517 532 594 531 518 546 622 810 820 593 544 604 623 812 545 565 992 
604 9 548 621 813 518 517 603 620 820 546 
605 9 831 606 521 552 602 520 553 617 572 
606 14 563 602 596 597 523 598 520 605 566 588 831 522 521 553 
607 24 610 609 640 581 616 515 830 529 608 550 611 535 577 634 627 552 528 628 547 641 534 798 523 829 
608 6 611 607 301 610 616 609 
609 19 626 535 553 572 555 628 634 617 515 533 608 610 611 616 514 607 552 571 627 
610 9 609 617 627 608 611 628 607 552 616 
611 4 607 608 609 610 
612 16 595 636 572 617 637 624 599 551 520 540 536 573 571 618 541 619 
613 7 514 539 638 614 639 686 584 
614 10 541 542 539 613 638 292 570 666 615 624 
615 12 291 326 541 570 625 580 327 543 614 542 579 292 
616 14 514 608 553 627 572 607 628 609 617 515 602 610 552 626 
617 12 515 616 572 626 605 609 628 612 514 610 552 571 
618 10 619 541 599 624 636 551 612 540 536 573 
619 12 537 599 618 600 635 541 591 624 596 612 536 590 
620 13 594 621 586 517 533 585 518 604 519 575 633 820 534 
621 12 533 604 620 550 534 519 807 586 528 518 527 809 
622 11 546 823 603 623 593 826 544 819 1065 828 545 
623 7 532 546 603 531 622 593 517 
624 13 540 590 612 618 636 539 536 541 614 637 619 625 521 
625 12 338 303 292 538 624 632 580 541 340 615 327 326 
626 4 628 617 616 609 
627 6 609 552 628 616 610 607 
628 10 617 626 552 637 616 572 627 610 609 607 
629 4 631 576 630 805 
630 10 631 576 629 995 562 550 805 1053 516 1051 
631 8 629 630 576 516 561 562 805 993 
632 11 580 589 340 338 339 582 625 303 292 335 538 
633 6 634 534 620 535 533 575 
634 6 633 533 642 609 607 535 
635 11 537 595 619 520 521 591 636 602 596 637 598 
636 18 599 573 536 567 551 537 595 540 618 596 520 602 541 637 635 624 521 612 
637 15 567 602 573 628 521 612 553 624 572 551 636 520 635 596 595 
638 7 639 514 614 539 613 555 666 
639 9 613 642 686 554 514 720 555 638 515 
640 10 561 524 995 547 641 563 516 577 798 607 
641 15 587 529 588 552 556 553 563 310 640 523 607 524 557 561 301 
642 9 555 515 639 634 686 643 554 644 648 
643 10 766 554 644 693 642 583 646 584 648 686 
644 8 584 554 575 648 643 642 646 574 
645 6 686 647 554 555 648 575 
646 9 647 648 583 810 574 644 643 584 686 
647 8 645 648 646 575 584 574 686 583 
648 9 575 644 646 554 645 647 584 643 642 
649 7 697 692 651 688 698 689 650 
650 9 990 651 1028 649 986 1007 564 683 1006 
651 9 1006 735 698 649 650 781 738 770 1007 
652 11 659 717 760 761 653 718 654 417 418 419 777 
653 27 780 736 768 737 760 754 382 761 659 391 756 707 724 392 655 717 443 662 774 767 704 778 757 652 718 654 732 
654 21 504 443 653 505 662 414 401 396 413 777 418 470 508 419 391 502 382 392 503 393 652 
655 23 677 700 681 773 679 663 765 662 747 755 752 729 695 675 774 653 674 756 678 753 705 669 668 
656 12 419 785 783 784 457 395 750 787 788 412 789 458 
657 10 712 706 686 705 542 680 713 666 658 569 
658 7 693 705 680 686 532 706 657 
659 24 760 709 718 730 717 734 707 776 724 698 767 745 775 732 750 652 708 723 653 731 768 744 722 417 
660 14 749 674 404 403 675 661 446 667 485 711 710 670 701 743 
661 14 446 667 404 397 408 485 660 743 447 701 711 682 409 448 
662 17 664 655 382 696 773 653 704 654 758 759 702 674 835 392 673 663 453 
663 19 759 836 655 667 662 835 664 670 703 704 382 696 454 674 665 675 749 673 714 
664 14 749 674 836 703 453 675 403 662 833 663 702 454 835 673 
665 15 669 765 663 747 667 666 670 721 713 714 675 749 748 680 715 
666 14 712 667 680 686 665 721 657 713 719 715 638 614 669 720 
667 16 666 714 721 663 660 665 701 670 710 713 742 661 749 748 712 711 
668 9 655 747 670 765 669 681 713 715 680 
669 14 765 680 726 705 665 666 716 715 670 713 655 668 681 719 
670 16 710 749 711 665 667 748 663 660 669 668 714 747 721 719 403 675 
671 12 825 725 565 727 672 564 763 740 685 531 741 1006 
672 8 705 693 765 727 741 680 671 725 
673 13 454 839 662 835 675 663 702 664 759 836 674 696 833 
674 17 756 673 759 736 714 758 660 675 663 655 664 701 696 747 710 662 454 
675 18 711 665 714 674 673 670 655 660 713 681 696 664 833 663 710 454 749 839 
676 7 732 718 709 678 677 767 724 
677 7 655 678 676 751 752 724 700 
678 5 655 755 677 754 676 
679 10 695 681 680 724 700 655 755 752 713 733 
680 15 672 765 681 733 669 679 668 706 666 705 665 693 726 657 658 
681 14 765 715 695 675 679 669 753 668 705 655 755 716 726 680 
682 11 661 410 486 447 409 408 701 712 569 291 446 
683 11 1060 990 1043 781 685 699 684 1062 1006 762 650 
684 12 992 685 1044 781 1062 1043 825 740 741 683 990 1045 
685 12 763 1028 684 671 740 825 762 1043 531 1060 532 683 
686 21 555 532 646 657 666 639 645 766 658 584 642 542 647 569 583 575 613 643 554 515 570 
687 4 688 690 689 692 
688 7 687 689 986 649 697 690 692 
689 5 692 697 687 688 649 
690 8 984 687 1013 1014 691 688 692 697 
691 6 692 1013 986 984 690 1014 
692 10 649 1014 690 691 697 698 687 688 689 1007 
693 13 769 680 672 658 706 705 725 741 765 643 531 726 532 
694 8 696 773 756 695 757 774 755 758 
695 8 696 694 756 655 679 755 765 681 
696 10 674 673 662 695 694 675 758 759 773 663 
697 7 649 1014 698 692 690 689 688 
698 6 738 651 649 692 659 697 
699 1 683 
700 6 677 679 751 655 752 724 
701 12 667 682 712 408 674 713 743 661 742 660 410 486 
702 15 673 662 382 441 703 455 393 454 453 907 832 704 664 383 464 
703 12 832 838 833 837 663 835 454 453 834 704 702 664 
704 13 663 838 836 703 382 759 653 757 832 834 702 662 392 
705 11 726 657 658 680 655 669 681 693 765 672 706 
706 8 658 720 680 693 705 712 713 657 
707 8 734 659 732 730 731 709 708 653 
708 4 709 730 707 659 
709 11 707 718 708 732 717 676 730 722 774 767 659 
710 12 674 757 670 743 749 711 660 675 404 839 667 714 
711 15 446 670 743 404 667 661 675 448 749 485 660 408 714 403 710 
712 12 486 713 720 410 569 666 667 570 682 701 706 657 
713 17 665 748 720 668 749 666 667 714 742 679 712 701 675 721 706 669 657 
714 12 713 674 663 667 670 675 710 748 765 711 665 749 
715 9 669 668 666 665 716 681 765 720 719 
716 4 719 669 681 715 
717 15 722 776 760 709 718 745 417 777 732 418 652 458 730 653 659 
718 9 724 659 652 760 653 709 418 676 717 
719 8 666 670 721 720 715 716 669 748 
720 8 706 715 721 719 639 666 712 713 
721 8 666 665 748 720 719 713 667 670 
722 9 659 751 717 723 732 724 734 709 731 
723 7 731 722 736 780 778 724 659 
724 16 700 751 752 718 722 767 679 754 653 774 659 768 676 723 732 677 
725 6 726 741 672 671 693 765 
726 14 714 749 747 705 693 680 669 667 725 681 403 711 485 765 
727 8 672 810 671 531 532 811 583 766 
728 5 769 729 779 737 778 
729 4 728 769 655 779 
730 10 717 707 708 750 776 709 731 736 659 732 
731 7 732 723 734 707 659 730 722 
732 14 731 760 709 659 767 717 676 653 722 707 724 754 736 730 
733 2 680 679 
734 6 735 731 707 722 736 659 
735 6 781 738 651 734 1006 1007 
736 8 737 778 732 653 723 780 730 734 
737 6 736 779 778 728 653 780 
738 5 739 651 1006 698 735 
739 3 770 1006 738 
740 12 685 1062 741 671 684 763 782 1043 762 825 531 1060 
741 9 763 531 740 684 765 672 693 725 671 
742 5 743 701 410 713 667 
743 11 408 701 486 742 710 410 485 660 711 661 446 
744 4 458 745 659 746 
745 6 775 746 777 659 717 744 
746 3 744 458 745 
747 9 668 655 665 765 749 748 674 726 670 
748 10 714 665 667 765 721 749 747 713 719 670 
749 14 675 663 667 765 748 665 747 670 710 713 711 664 660 714 
750 5 783 656 659 784 730 
751 6 724 722 753 752 677 700 
752 8 765 724 753 751 700 677 655 679 
753 6 765 752 751 681 755 655 
754 7 756 678 755 724 732 757 653 
755 12 679 655 758 757 695 694 678 753 756 754 765 681 
756 11 655 755 754 774 758 757 653 695 694 773 674 
757 11 758 653 694 774 756 754 773 710 755 704 759 
758 9 773 694 759 756 757 696 662 755 674 
759 9 673 704 663 696 662 832 758 757 674 
760 7 653 732 718 717 659 761 652 
761 6 652 653 838 767 443 760 
762 8 740 1043 1060 683 763 1062 685 781 
763 11 671 741 825 1062 781 685 740 762 531 1060 782 
764 1 765 
765 22 715 680 705 748 655 753 755 741 693 665 764 669 672 752 725 726 668 695 714 749 681 747 
766 6 532 531 727 643 810 686 
767 8 761 724 653 676 768 732 709 659 
768 6 653 724 767 659 443 441 
769 6 728 729 531 779 778 693 
770 5 771 1006 739 651 772 
771 2 770 772 
772 2 770 771 
773 8 758 655 662 694 757 774 696 756 
774 8 694 756 757 724 773 653 655 709 
775 5 745 659 776 777 458 
776 6 777 659 717 775 417 730 
777 6 776 717 745 652 654 775 
778 8 780 736 779 737 769 723 728 653 
779 6 769 778 728 729 780 737 
780 6 778 723 736 737 779 653 
781 12 1060 1043 763 782 1062 990 683 684 1006 762 651 735 
782 6 1006 1060 781 1062 740 763 
783 4 750 784 785 656 
784 8 457 785 783 656 788 750 787 458 
785 6 656 784 787 783 788 789 
786 5 787 456 789 457 788 
787 5 786 788 785 656 784 
788 10 412 786 457 458 787 784 417 656 785 419 
789 7 395 656 456 786 790 457 785 
790 3 789 395 456 
791 5 394 792 793 460 459 
792 3 394 791 793 
793 4 791 792 395 394 
794 3 795 459 796 
795 3 794 796 459 
796 2 794 795 
797 4 433 432 434 379 
798 15 528 524 529 561 310 556 550 799 563 800 581 523 607 640 557 
799 9 804 550 803 809 798 801 808 800 802 
800 11 798 516 815 799 809 802 803 581 577 528 550 
801 8 803 808 799 806 550 802 809 804 
802 8 815 803 806 800 516 550 799 801 
803 5 799 800 801 802 809 
804 9 805 516 806 808 815 550 801 799 993 
805 15 550 516 549 576 1051 1052 629 806 1053 817 630 1054 995 631 804 
806 7 802 804 801 516 576 581 805 
807 6 518 621 808 809 815 550 
808 7 801 815 550 804 807 809 799 
809 10 815 808 799 800 516 801 807 550 803 621 
810 13 646 811 574 594 603 554 766 584 575 727 812 532 583 
811 5 532 812 727 810 531 
812 7 583 517 532 811 810 594 603 
813 7 814 815 604 822 548 816 527 
814 8 527 815 548 813 549 817 816 818 
815 10 549 807 814 813 800 808 802 550 804 809 
816 9 526 993 813 817 821 818 814 527 822 
817 11 549 995 1051 822 814 818 805 1002 816 993 1052 
818 3 816 814 817 
819 6 545 823 827 622 824 820 
820 7 603 819 546 824 604 518 620 
821 4 816 822 527 526 
822 5 821 813 816 527 817 
823 7 819 558 545 622 827 824 560 
824 5 823 527 819 560 820 
825 9 763 564 565 992 684 1062 685 740 671 
826 5 828 530 545 622 827 
827 9 1066 558 826 819 530 823 828 1040 545 
828 5 826 827 622 545 530 
829 3 830 535 607 
830 3 607 829 535 
831 5 605 521 602 520 606 
832 8 833 759 703 392 443 834 704 702 
833 11 664 835 838 453 834 832 454 837 703 673 675 
834 14 509 453 455 392 837 508 502 443 833 832 704 703 441 838 
835 9 703 662 663 664 837 833 836 673 453 
836 9 835 455 663 664 454 704 384 673 837 
837 11 703 833 454 836 839 834 835 384 441 453 838 
838 15 839 454 833 703 478 837 834 761 443 471 441 392 453 455 704 
839 11 837 384 438 838 710 403 382 673 675 455 454 
843 9 862 845 882 844 881 911 912 855 921 
844 6 845 232 843 853 911 863 
845 9 234 942 855 863 862 853 844 912 843 
846 20 961 935 931 870 71 969 913 966 914 330 890 861 847 962 905 889 133 963 893 970 
847 13 909 232 868 61 132 931 872 852 935 910 851 846 873 
848 6 928 958 850 849 960 858 
849 13 950 958 881 959 867 416 850 955 848 960 928 957 880 
850 6 849 848 957 960 975 950 
851 9 853 884 980 852 883 920 881 847 873 
852 8 853 851 910 232 909 847 873 936 
853 9 234 855 845 981 844 863 852 851 232 
854 8 944 945 880 856 855 941 882 943 
855 10 845 843 856 854 882 945 941 853 912 881 
856 6 937 939 855 854 940 941 
857 2 411 858 
858 4 848 928 958 857 
859 13 133 971 899 973 861 381 860 132 901 380 870 933 869 
860 10 132 893 133 906 892 905 861 914 859 913 
861 9 846 860 859 914 934 913 870 869 933 
862 10 940 942 863 938 937 925 840 864 845 843 
863 10 926 845 912 864 853 938 234 232 862 844 
864 6 863 841 862 926 840 925 
865 5 955 929 959 867 866 
866 5 915 867 865 908 907 
867 10 956 881 916 951 929 866 950 849 865 955 
868 7 935 932 931 847 870 872 869 
869 7 868 870 901 861 931 935 859 
870 8 935 868 861 869 846 934 859 903 
871 8 930 918 873 872 980 979 948 932 
872 5 871 932 868 847 873 
873 8 980 883 852 979 847 851 872 871 
874 5 355 360 132 876 875 
875 5 360 356 355 876 874 
876 3 875 888 874 
877 8 922 898 917 381 915 879 878 923 
878 5 877 946 930 879 898 
879 7 878 923 877 946 930 918 917 
880 14 945 977 949 975 854 957 976 960 943 849 882 881 950 944 
881 20 843 880 911 916 920 851 855 952 921 867 849 951 957 884 956 980 882 919 953 949 
882 8 843 854 881 944 977 880 945 855 
883 4 980 873 851 884 
884 5 851 921 920 881 883 
888 6 890 889 967 61 969 876 
889 6 61 233 71 890 888 846 
890 7 966 233 889 969 888 846 967 
891 16 893 406 452 380 972 315 359 407 905 892 914 133 357 903 973 132 
892 12 893 358 296 132 914 359 860 329 133 406 891 330 
893 9 860 892 914 891 330 132 846 905 133 
896 9 379 897 908 898 489 433 482 434 381 
897 9 908 900 489 902 896 381 898 972 899 
898 11 908 878 902 482 923 924 896 897 974 381 877 
899 9 897 908 907 381 902 901 859 900 924 
900 7 899 133 897 904 903 902 901 
901 12 859 904 900 903 899 902 133 931 923 933 930 869 
902 13 933 904 900 133 488 903 915 901 898 971 897 973 899 
903 13 971 407 973 900 904 933 901 906 934 870 891 902 133 
904 7 900 934 901 906 903 902 933 
905 10 893 133 891 914 906 846 860 360 359 132 
906 6 133 905 914 860 903 904 
907 9 922 908 866 475 702 474 387 899 929 
908 18 899 915 475 474 896 924 917 379 907 381 432 433 898 398 897 923 434 866 
909 4 847 910 232 852 
910 4 232 847 909 852 
911 5 912 881 844 843 921 
912 5 855 845 843 911 863 
913 8 860 970 914 962 861 934 961 846 
914 14 905 861 906 330 969 913 934 132 893 133 892 846 891 860 
915 10 866 877 923 972 902 924 922 908 381 916 
916 4 956 867 915 881 
917 7 879 919 918 877 923 922 908 
918 9 879 919 871 917 932 978 923 930 922 
919 8 951 953 980 978 918 954 881 917 
920 4 881 921 884 851 
921 5 884 911 881 843 920 
922 10 930 877 915 907 917 918 924 932 923 381 
923 15 879 877 915 381 971 924 917 918 908 946 930 932 898 901 922 
924 9 899 908 915 923 922 898 434 381 474 
928 7 929 848 958 959 858 849 960 
929 6 928 867 955 865 907 959 
930 15 946 918 932 879 931 923 901 922 871 432 948 400 947 379 878 
931 9 947 932 930 846 901 869 935 847 868 
932 12 868 979 872 948 947 935 923 918 922 871 931 930 
933 9 904 971 903 935 934 901 902 859 861 
934 9 870 933 861 914 971 903 913 935 904 
935 9 869 932 933 931 846 847 868 870 934 
936 1 852 
937 6 939 862 856 840 938 925 
938 5 937 939 863 862 942 
939 5 856 937 938 940 941 
940 5 939 942 856 941 862 
941 7 942 856 854 945 939 940 855 
942 5 845 938 940 941 862 
943 4 854 945 880 944 
944 5 945 943 880 882 854 
945 8 977 944 943 941 882 855 880 854 
946 6 947 923 930 948 878 879 
947 5 932 930 931 948 946 
948 6 979 930 871 947 946 932 
949 5 951 976 950 881 880 
950 10 850 849 880 949 976 951 975 957 960 867 
951 8 867 952 949 919 950 881 957 956 
952 5 978 881 951 954 953 
953 6 957 956 952 954 881 919 
954 4 953 978 919 952 
955 7 929 959 867 865 849 957 956 
956 7 953 867 951 957 881 955 916 
957 11 975 976 953 950 880 951 956 881 955 850 849 
958 8 960 416 414 848 849 928 959 858 
959 9 958 960 929 416 865 414 928 849 955 
960 8 950 958 959 848 850 880 928 849 
961 5 913 970 962 846 963 
962 5 961 913 970 846 963 
963 3 962 846 961 
966 6 890 968 970 967 969 846 
967 5 969 890 888 968 966 
968 5 970 967 966 969 233 
969 8 970 968 967 846 966 890 914 888 
970 7 968 846 966 962 969 961 913 
971 8 933 923 972 934 859 902 903 973 
972 11 489 915 971 431 380 897 973 891 488 133 381 
973 9 406 971 407 859 972 902 903 891 133 
974 2 381 898 
975 6 957 880 977 950 850 976 
976 6 950 977 880 949 975 957 
977 5 945 976 882 975 880 
978 6 979 952 954 919 918 980 
979 6 871 873 980 978 948 932 
980 8 978 881 851 873 871 883 919 979 
981 2 232 853 
982 14 1025 991 525 1008 1032 1031 1035 1000 1010 1066 1030 1045 1036 1038 
983 24 1047 1092 989 1087 1005 1020 987 1021 1046 1034 1088 1033 1019 1080 1105 985 1003 1004 1089 1079 1015 1078 1094 1166 
984 8 1013 690 691 986 1151 985 1014 998 
985 15 1015 983 1003 1005 1142 1018 984 1020 986 1016 1033 1034 1035 1000 1017 
986 9 1007 985 691 999 984 1033 650 688 1018 
987 16 988 1140 989 1096 1091 1048 1046 1020 1089 1128 983 1090 1094 1093 1092 1141 
988 22 1141 1046 1023 1130 1136 1129 1090 1049 1050 1128 1048 1091 1096 1093 989 1094 1100 1105 1123 987 1116 1022 
989 12 1022 1105 1087 983 988 1023 1024 987 1091 1048 1089 1046 
990 16 1009 992 781 1027 1045 1041 1044 991 1061 650 1063 1006 684 1028 1007 683 
991 20 1042 1045 1065 1027 1032 992 1010 530 1047 1008 1066 982 1041 990 1028 545 1063 1009 1025 1064 
992 16 991 544 1062 990 684 1065 1007 530 545 1042 825 603 1025 1044 564 1045 
993 30 549 1054 1068 1073 1185 995 1056 1069 804 1011 1002 1074 1015 816 1032 1071 527 1036 1031 994 1070 525 631 1072 1105 1047 526 1037 817 1076 
994 5 1055 1002 1056 995 993 
995 15 994 817 640 630 549 577 562 576 516 1051 547 993 805 19 64 
996 2 997 998 
997 6 1154 1152 996 998 1151 1099 
998 5 984 1012 997 1013 996 
999 11 1033 1001 1035 986 1018 1009 1016 1005 1017 1041 1000 
1000 16 1001 1010 1035 982 1033 1005 1016 1078 1079 1009 1002 1032 1034 1080 999 985 
1001 8 1032 1026 1000 999 1010 1035 1002 1009 
1002 31 1067 1016 817 1001 1010 1000 1070 1011 1098 1030 994 1054 1029 993 1073 1102 1047 1097 1032 526 1071 525 1075 1015 1023 1072 1105 1077 1080 1068 1074 
1003 9 1004 1079 1078 985 983 1092 1166 1013 1005 
1004 10 1021 1079 1099 1078 1005 1034 1003 1019 983 1092 
1005 14 983 1004 1003 1000 999 1017 1080 985 1021 1079 1078 1034 1047 1033 
1006 12 650 651 990 770 738 671 735 782 1007 739 683 781 
1007 13 986 692 1026 1006 1032 650 992 735 990 1047 1027 1009 651 
1008 15 1027 1042 982 1041 1044 1045 545 1032 1025 1065 1063 1009 1026 1010 991 
1009 13 1041 999 990 1000 1026 1007 1008 1001 991 1080 1010 1032 1027 
1010 14 1035 1026 1002 1072 1001 1009 1080 1032 1008 982 1028 1000 991 1016 
1011 28 1076 1016 1083 1073 1015 1086 1188 1002 1047 1046 1054 1085 1082 1029 1081 1183 1032 1097 1023 1071 1106 993 1102 1024 1070 1105 526 1084 
1012 5 1152 1151 1014 1013 998 
1013 10 998 1014 1152 1151 691 1012 690 1154 984 1003 
1014 7 692 690 697 984 1013 691 1012 
1015 12 1075 1016 1002 1024 1105 993 985 1034 1080 1011 983 1047 
1016 27 1074 1067 1000 1047 1073 1051 999 1011 1072 526 1002 1010 525 1078 1029 1018 1032 1017 1035 1015 985 1082 1070 1080 1076 1075 1068 
1017 7 1005 985 999 1018 1047 1041 1016 
1018 8 999 1033 985 1047 1017 1035 986 1016 
1019 8 1091 1021 1020 1079 1078 1004 983 1092 
1020 10 983 1094 1021 1088 1019 1089 1087 985 1047 987 
1021 11 1087 1047 1005 1004 983 1046 1094 1079 1020 1089 1019 
1022 16 1089 1088 1024 1048 1046 988 1023 1105 1083 1096 989 1084 1081 1047 1091 1090 
1023 20 988 1002 1088 1024 1105 1048 1046 1022 989 1087 1106 1089 1050 1091 1095 1011 1083 1084 1090 1081 
1024 13 1015 1082 1081 1088 1046 1106 1047 989 1083 1023 1091 1022 1011 
1025 12 992 1065 1041 1045 1064 1008 982 545 1063 1042 1044 991 
1026 10 1001 1045 1007 1041 1028 1010 1009 1044 1008 1027 
1027 10 1028 991 1009 1007 1041 990 1035 1026 1008 1047 
1028 12 685 1041 1027 1026 1045 1061 1044 650 1043 991 1010 990 
1029 9 1016 1032 1011 1002 1031 1067 1030 1036 1038 
1030 10 1031 1037 1038 1036 526 1029 982 1067 1002 1068 
1031 12 1039 1066 530 1030 1040 1036 982 1029 1038 993 525 1067 
1032 21 1009 1001 1029 1063 1067 991 1002 1007 1010 1008 993 1071 1047 1038 982 1068 1070 1000 1036 1011 1016 
1033 13 985 1035 983 1078 1005 1034 1079 1000 1070 999 1018 1080 986 
1034 13 1015 1092 1035 983 1033 1078 1000 1080 985 1047 1005 1004 1079 
1035 15 999 1078 982 1027 1018 1034 985 1033 1047 1070 1010 1001 1080 1000 1016 
1036 14 1040 1038 525 1031 1029 1032 1030 1037 982 1039 1069 1066 1067 993 
1037 12 530 527 1067 993 1030 559 526 525 560 1039 1069 1036 
1038 8 1036 1029 1030 1039 982 1040 1032 1031 
1039 8 530 1031 1066 1037 1036 525 1040 1038 
1040 9 1038 525 1031 1036 1039 827 1066 530 558 
1041 14 1027 1042 1063 991 1009 1008 1025 1045 990 999 1026 1028 1044 1017 
1042 8 1008 992 1041 1063 1065 1045 1025 991 
1043 12 683 1045 685 531 781 1061 1044 762 684 1028 740 1062 
1044 11 1041 1045 1008 1028 1043 684 1025 1063 1026 990 992 
1045 16 1061 991 1026 1066 992 1025 1028 1043 990 1008 982 1044 1063 1042 684 1041 
1046 20 1087 1022 1080 983 989 1090 1049 1047 1094 1011 1088 1024 987 988 1089 1091 1105 1023 1021 1079 
1047 28 1094 1115 991 1018 1079 993 1099 1007 1022 1050 1035 1046 983 1021 1034 1027 1024 1032 1005 1011 1088 1020 1016 1091 1080 1015 1017 1002 
1048 15 1105 1090 1023 1094 988 1091 1093 1142 1050 1096 1088 987 989 1022 1049 
1049 14 1090 1095 1091 1096 988 1050 1048 1046 1130 1087 1089 1116 1105 1142 
1050 16 1091 1094 1048 1096 1090 1083 1023 1085 988 1095 1088 1049 1089 1081 1047 1105 
1051 13 1052 547 516 817 581 805 995 562 577 1016 576 630 1053 
1052 5 1051 805 576 817 1053 
1053 10 577 19 1052 516 563 1051 562 630 805 576 
1054 11 1098 1011 1002 1059 805 1057 1056 1071 1055 1070 993 
1055 6 1098 1106 1059 1056 1054 994 
1056 5 1054 994 993 526 1055 
1057 6 1071 1059 1185 1098 1058 1054 
1058 4 1185 1059 1098 1057 
1059 4 1054 1055 1058 1057 
1060 9 762 683 781 685 1061 1062 782 740 763 
1061 6 1043 990 1028 1062 1045 1060 
1062 12 1060 740 992 763 684 781 1043 825 762 782 1061 683 
1063 11 1065 990 1032 991 1042 1045 1044 1064 1041 1008 1025 
1064 6 530 1065 991 1063 545 1025 
1065 10 992 1008 622 991 1025 530 1042 1063 545 1064 
1066 10 1031 827 1040 1045 1036 991 982 530 558 1039 
1067 11 1032 1069 1071 1016 1068 1029 1036 1030 1037 1002 1031 
1068 9 1071 1016 1030 1067 1069 1032 993 1082 1002 
1069 7 1036 993 1067 1068 526 1037 525 
1070 15 1073 1032 1002 1011 1071 1016 1033 1075 1035 1076 1054 993 1077 1072 1074 
1071 15 1070 1083 1073 1002 1032 1082 526 1068 993 1057 1054 1067 1011 1077 1084 
1072 10 1073 1075 1010 1070 1002 993 1076 1077 1074 1016 
1073 10 1074 1077 1072 1084 1071 993 1016 1070 1011 1002 
1074 7 1073 1072 1016 993 1082 1070 1002 
1075 8 1002 1077 1076 1015 1016 1070 1072 1080 
1076 9 1072 1105 1077 1075 1011 1082 1016 993 1070 
1077 7 1072 1002 1076 1075 1071 1070 1073 
1078 12 1033 983 1003 1016 1000 1080 1079 1004 1019 1035 1034 1005 
1079 17 983 1090 1034 1021 1033 1005 1080 1019 1078 1088 1091 1046 1004 1047 1003 1087 1000 
1080 17 1075 1078 1009 1000 1090 1035 1034 983 1033 1016 1046 1047 1015 1005 1002 1079 1010 
1081 10 1082 1084 1022 1023 1105 1050 1024 1011 1085 1083 
1082 9 1074 1081 1016 1076 1068 1024 1071 1011 1085 
1083 10 1071 1050 1022 1024 1011 1085 1023 1084 1081 1105 
1084 9 1081 1083 1023 1022 1011 1097 1071 1085 1073 
1085 8 1086 1105 1050 1082 1081 1011 1084 1083 
1086 4 1105 1106 1011 1085 
1087 13 1093 1088 1020 1089 1021 1090 1079 1049 1023 1046 989 983 1094 
1088 14 1024 1020 1022 1023 1091 1079 1090 1050 1047 1048 983 1089 1046 1087 
1089 14 1049 1046 989 987 983 1021 1094 1022 1023 1020 1088 1091 1050 1087 
1090 15 1048 987 1094 1080 988 1088 1079 1046 1022 1096 1091 1087 1050 1049 1023 
1091 26 1049 1090 1088 1130 1093 1048 1079 1105 1022 1024 1047 1129 1141 1095 988 1128 989 1046 1089 1019 1096 1023 1106 1050 987 1140 
1092 14 1094 1151 987 1165 1141 1003 1093 983 1140 1019 1004 1034 1142 1166 
1093 11 1048 1091 988 1130 1096 1092 1141 987 1087 1094 1136 
1094 16 1105 1048 1021 1020 1089 983 1096 1087 987 988 1050 1093 1090 1046 1092 1047 
1095 9 1096 1091 1023 1050 1106 1049 1179 1105 1118 
1096 18 1050 1048 1022 1049 1128 1106 988 1105 1129 1117 1090 1091 1093 987 1095 1094 1118 1130 
1097 5 1098 1011 1084 1105 1002 
1098 7 1097 1057 1058 1055 1185 1002 1054 
1099 14 1101 1047 1140 1164 1165 1157 1153 997 1159 1004 1122 1127 1124 1100 
1100 16 1159 1128 1178 1181 1123 1099 1137 1129 1113 1134 1115 1157 1101 988 1127 1173 
1101 11 1122 1165 1099 1140 1181 1124 1166 1123 1164 1100 1151 
1102 23 1111 1185 1011 1109 1002 1184 1148 1150 106 1155 1179 104 105 107 1162 1112 108 1104 103 1187 168 1103 1118 
1103 17 1104 1102 1184 1148 1150 1155 1185 1162 106 1147 1112 104 105 1111 107 1187 108 
1104 10 1103 101 1102 100 1155 105 1150 1184 9 1185 
1105 31 1011 1023 1083 1048 1129 988 1086 1049 1076 1046 1085 1130 1022 1081 1050 1176 1118 1097 1002 1136 989 1015 1094 1182 1106 993 1095 1185 1091 1096 983 
1106 24 1091 1112 1179 1096 1055 1161 1186 1105 1011 1162 1024 1183 1023 1188 1176 1118 1116 1160 1178 1129 1117 1086 1095 1185 
1107 13 1147 1172 1139 1138 1115 1145 1120 1137 1109 1135 1127 1108 1119 
1108 9 1138 1111 1169 1109 1107 1120 1145 1135 1146 
1109 10 1119 1111 1148 1108 1139 1107 1138 1110 1102 1120 
1110 13 1144 1120 1178 1121 1111 1163 1109 1160 1143 1117 1139 1161 1112 
1111 21 1109 1162 1102 103 1184 1108 104 108 1139 107 1185 1155 1103 1148 1183 1187 1112 1110 1169 1121 106 
1112 18 1155 1162 1102 103 1185 108 107 1183 1187 1103 1148 1111 106 1110 1161 1106 1121 1184 
1113 8 1157 1158 1159 1127 1114 1100 1170 1115 
1114 10 157 1167 1127 1113 159 1157 1158 1115 1171 1145 
1115 14 1100 1159 1137 1047 1174 1107 1171 1113 1138 1172 1145 1170 1173 1114 
1116 12 1177 1118 1176 1117 1179 988 1178 1106 1129 1182 1049 1130 
1117 12 1162 1183 1143 1110 1096 1106 1116 1118 1177 1176 1179 1178 
1118 15 1130 1102 1105 1095 1096 1183 1177 1179 1178 1117 1136 1116 1129 1186 1106 
1119 8 1120 1121 1139 1138 1176 1135 1109 1107 
1120 7 1109 1108 1110 1183 1119 1121 1107 
1121 13 1177 1163 1143 1110 1112 1120 1119 1111 1136 1161 1135 1183 1176 
1122 6 1099 1123 1124 1101 1165 1128 
1123 12 1165 1173 1175 1134 1128 1129 1124 1101 1181 1122 1100 988 
1124 11 1180 1181 1134 1099 1166 1122 1101 1165 1128 1123 1140 
1125 3 1127 157 1126 
1126 2 1125 1127 
1127 11 1113 1158 1114 1099 1125 1107 1176 1126 1100 157 1157 
1128 13 1129 1130 1124 1123 1096 1122 1180 1100 987 1091 1141 988 1140 
1129 17 1118 1175 1116 1130 1096 1105 1106 1123 1100 1176 1178 1091 1182 1135 988 1128 1180 
1130 13 1091 1093 1141 1096 1049 1136 1128 1140 1118 1129 1116 1105 988 
1131 6 1152 1133 1132 1153 1154 1166 
1132 7 1166 1165 1154 1131 1133 1153 1164 
1133 8 1164 1166 1165 1131 1153 1151 1154 1132 
1134 11 1174 1140 1136 1139 1135 1124 1123 1182 1180 1100 1175 
1135 9 1139 1176 1129 1121 1119 1108 1107 1136 1134 
1136 11 988 1176 1151 1121 1105 1093 1182 1135 1118 1130 1134 
1137 9 1100 1170 1175 1174 1107 1139 1138 1115 1172 
1138 12 1170 1139 1108 1109 1119 1137 1171 1172 1147 1115 1107 1145 
1139 10 1175 1110 1107 1138 1134 1135 1137 1111 1109 1119 
1140 11 1099 1134 1124 1101 987 1092 1142 1130 1141 1128 1091 
1141 9 1092 987 1093 1130 1142 1128 1091 988 1140 
1142 8 1166 1151 1048 1092 1140 985 1049 1141 
1143 6 1121 1144 1163 1110 1177 1117 
1144 7 1143 1161 1160 1163 1110 1178 1177 
1145 8 1147 1146 1115 1114 1171 1138 1108 1107 
1146 5 1169 1167 1108 1147 1145 
1147 5 1145 1138 1107 1146 1103 
1148 20 1112 108 1162 104 1111 1149 103 107 106 1184 1185 1187 1103 1150 105 1109 1102 1155 223 212 
1149 8 1184 225 10 104 1148 1150 101 212 
1150 16 101 1162 1155 98 1156 1102 102 1103 1148 225 9 22 1104 10 1149 100 
1151 13 1133 1136 1152 1092 1101 1142 1013 1012 1166 1176 984 997 1154 
1152 9 1151 1012 1157 997 1013 1159 1154 1153 1131 
1153 10 1164 1154 1131 1133 1099 1132 1157 1152 1165 1159 
1154 10 1153 1132 997 1164 1131 1166 1013 1133 1152 1151 
1155 17 1111 1104 105 106 100 107 1150 1148 108 1162 1102 1103 1184 1187 1112 1156 1185 
1156 5 9 102 1150 1155 100 
1157 10 1113 1152 1114 1158 157 1099 1153 1127 1100 1159 
1158 7 1157 1113 1114 1127 157 159 1159 
1159 8 1113 1157 1158 1115 1152 1099 1100 1153 
1160 8 1186 1110 1144 1178 1162 1161 1179 1106 
1161 11 1110 1106 1144 1186 1187 103 1183 1121 1162 1160 1112 
1162 18 106 1186 1187 1112 1150 1111 1102 1183 1161 1106 1155 1148 1160 107 1117 1185 1103 1179 
1163 6 1110 1176 1177 1144 1121 1143 
1164 8 1153 1101 1133 1166 1099 1154 1132 1165 
1165 12 1133 1123 1166 1101 1132 1099 1092 1122 1124 1164 1181 1153 
1166 13 1142 1132 1165 1003 1101 1131 983 1124 1154 1151 1092 1164 1133 
1167 6 1114 1146 148 159 1169 1168 
1168 5 1169 1167 171 148 145 
1169 5 1111 1108 1168 1167 1146 
1170 6 1172 1138 1137 1171 1115 1113 
1171 6 1170 1115 1172 1114 1145 1138 
1172 6 1107 1138 1137 1171 1170 1115 
1173 6 1100 1115 1175 1174 1123 1181 
1174 5 1137 1134 1173 1115 1175 
1175 9 1181 1139 1123 1129 1134 1173 1174 1180 1137 
1176 13 1177 1151 1119 1117 1121 1135 1129 1163 1106 1136 1105 1116 1127 
1177 10 1116 1179 1117 1178 1163 1144 1143 1176 1121 1118 
1178 12 1116 1117 1100 1129 1160 1144 1110 1180 1106 1177 1118 1179 
1179 11 1116 1106 1117 1162 1102 1160 1095 1178 1177 1118 1186 
1180 8 1124 1175 1134 1128 1181 1182 1129 1178 
1181 9 1124 1175 1182 1165 1101 1123 1180 1100 1173 
1182 7 1134 1180 1105 1136 1116 1129 1181 
1183 15 1112 1111 1188 1186 1187 1185 1162 1184 1120 1161 1118 1106 1011 1121 1117 
1184 16 1149 1155 106 1112 1185 1103 1111 1102 168 1104 104 1148 1183 1187 108 107 
1185 23 1057 105 1184 103 1148 1098 106 1183 108 1058 1188 1162 1155 107 1112 1106 1111 1104 1187 1105 993 1103 1102 
1186 9 1183 1106 1179 1162 1160 1161 1118 1188 1187 
1187 17 1184 1103 1183 1102 1162 1148 103 1161 108 1112 1111 1188 107 106 1155 1185 1186 
1188 6 1106 1185 1183 1187 1186 1011 
=======
Sector ID, Number of Neighbors Sectors, List of IDs
9 7 102 1150 11 10 100 1104 1156 
10 7 102 11 1150 9 1149 98 101 
11 8 21 64 22 10 9 102 98 97 
12 10 88 66 23 64 14 13 95 27 29 15 
13 13 17 16 23 66 64 83 14 88 29 12 28 89 15 
14 11 89 82 16 62 13 12 85 88 91 95 15 
15 13 12 13 14 29 88 89 90 91 92 93 94 95 96 
16 16 19 82 13 66 18 86 17 87 23 96 84 93 90 83 29 14 
17 8 86 18 16 83 274 66 13 90 
18 11 62 68 90 83 17 80 16 81 84 274 70 
19 16 66 321 1053 562 23 94 320 20 73 577 563 64 74 16 91 995 
20 14 73 61 331 66 19 24 360 23 82 563 94 562 74 62 
21 4 99 11 23 22 
22 8 23 64 11 1150 65 21 99 98 
23 12 12 66 22 65 27 19 20 13 16 64 21 28 
24 5 74 20 73 26 25 
25 5 67 62 26 84 24 
26 4 24 62 61 25 
27 5 28 99 12 23 29 
28 8 23 13 89 66 99 64 29 27 
29 7 89 66 28 27 16 12 13 
61 24 307 62 20 301 847 361 77 71 360 888 889 74 295 331 563 321 72 320 26 66 319 322 310 63 
62 18 69 240 274 25 20 63 276 80 70 74 81 96 61 14 26 66 18 68 
63 6 240 75 78 77 62 61 
64 12 22 89 28 99 12 19 66 13 65 11 23 995 
65 4 22 66 64 23 
66 22 23 61 28 29 83 93 12 65 16 86 89 64 95 13 17 274 20 70 92 19 62 74 
67 5 74 25 69 68 84 
68 7 70 18 69 81 67 84 62 
69 3 62 68 67 
70 7 68 81 276 18 274 66 62 
71 6 61 77 360 889 846 72 
72 4 79 71 75 61 
73 7 74 96 94 19 361 24 20 
74 12 96 24 82 61 20 361 19 360 67 66 73 62 
75 7 79 78 63 77 240 76 72 
76 5 240 75 233 242 277 
77 6 63 61 75 71 79 78 
78 4 63 75 77 79 
79 4 77 78 75 72 
80 3 18 62 81 
81 5 70 18 68 62 80 
82 13 93 14 88 87 74 92 20 16 84 96 83 90 85 
83 10 18 84 82 86 13 90 87 17 66 16 
84 8 18 16 67 83 68 82 90 25 
85 9 89 92 88 82 87 90 86 14 93 
86 8 85 89 83 17 90 16 66 87 
87 8 83 90 82 92 93 16 86 85 
88 13 13 96 82 91 85 14 94 93 89 90 12 95 92 
89 10 88 90 64 85 66 86 13 28 29 14 
90 14 83 18 88 91 85 93 84 89 86 92 16 87 82 17 
91 8 19 93 92 95 90 88 96 14 
92 9 88 91 87 95 82 66 93 90 85 
93 10 87 82 91 16 66 90 85 88 92 96 
94 6 95 73 20 88 19 96 
95 8 88 92 91 66 14 96 94 12 
96 10 93 94 91 88 82 74 73 16 62 95 
97 3 98 11 99 
98 7 99 11 102 22 97 10 1150 
99 7 22 28 64 27 98 21 97 
100 7 1150 102 9 101 1155 1156 1104 
101 6 1150 10 102 100 1104 1149 
102 8 98 9 100 1150 1156 11 101 10 
103 12 1185 106 1148 1187 1161 108 1102 1112 1111 105 104 107 
104 9 1102 1111 105 103 1184 1148 107 1149 1103 
105 10 1104 1103 1102 104 107 103 1185 1148 108 1155 
106 14 1111 108 168 1185 1187 1155 1103 1184 1102 103 1148 1162 1112 107 
107 15 1148 1103 1102 105 104 1184 103 1162 1185 1187 1155 1112 1111 106 108 
108 13 103 1148 1112 1111 1187 1155 106 1184 1103 1102 105 1185 107 
132 25 360 847 295 892 407 330 431 358 893 342 380 874 406 133 329 354 914 294 859 860 891 357 313 905 296 
133 29 380 891 313 972 902 407 905 358 906 406 973 900 330 296 360 901 132 893 892 914 294 860 315 342 903 357 431 846 859 
134 16 557 375 300 293 305 292 304 298 538 335 302 324 589 373 135 310 
135 16 137 337 339 134 375 373 300 298 322 299 589 340 302 338 336 352 
136 14 353 368 362 314 363 308 293 337 370 137 309 333 450 138 
137 13 136 353 138 341 311 312 352 299 298 336 307 370 135 
138 11 341 137 332 314 353 294 363 311 312 136 333 
139 11 450 451 427 141 484 449 405 495 140 496 431 
140 15 428 426 437 484 398 432 449 483 141 427 390 495 139 496 436 
141 14 388 409 450 140 570 484 139 309 424 449 389 483 427 390 
142 2 462 465 
143 2 462 443 
144 5 470 477 422 438 468 
232 10 910 909 853 981 852 847 844 863 234 233 
233 8 277 240 968 890 76 889 234 232 
234 7 853 845 886 863 233 232 231 
291 16 410 327 615 351 569 579 580 543 408 409 397 570 293 682 326 292 
292 24 291 580 579 340 293 134 589 614 338 632 538 304 326 334 339 335 537 543 303 625 578 615 327 592 
293 22 338 327 291 346 292 377 347 374 136 351 326 339 297 328 350 337 134 589 344 409 378 340 
294 10 314 296 313 406 342 311 133 138 295 132 
295 10 296 342 325 311 312 132 314 61 361 294 
296 8 132 133 892 357 294 360 295 329 
297 17 328 339 293 347 337 374 318 298 340 338 299 376 300 324 378 326 346 
298 18 352 340 371 338 134 349 135 374 307 306 373 305 297 299 300 348 137 376 
299 12 336 373 337 371 137 369 135 353 307 352 297 298 
300 14 563 135 324 557 323 578 305 297 301 302 298 134 322 335 
301 10 310 578 608 61 641 324 319 300 320 302 
302 15 320 319 372 300 134 373 331 322 135 467 301 323 324 307 409 
303 14 305 625 632 580 304 537 340 538 582 338 589 592 292 339 
304 11 538 134 334 322 592 305 537 303 335 578 292 
305 11 375 298 304 134 340 589 322 300 339 303 373 
306 9 371 348 372 298 331 307 578 324 349 
307 16 353 372 352 137 349 302 61 298 299 369 306 371 336 348 311 312 
308 6 136 337 309 368 370 316 
309 17 493 316 333 314 136 332 409 341 368 370 308 362 363 141 366 367 337 
310 13 320 798 301 322 61 563 557 641 323 319 562 134 524 
311 12 295 341 294 137 314 138 312 336 307 349 361 342 
312 11 361 349 295 137 342 138 311 314 336 341 307 
313 6 314 133 294 342 333 132 
314 17 363 295 342 136 294 313 406 332 337 364 370 333 138 312 341 311 309 
315 6 133 891 367 406 494 407 
316 10 363 317 362 308 333 318 368 369 309 366 
317 9 318 344 316 345 350 378 409 351 425 
318 12 378 317 345 316 297 377 337 332 347 328 338 346 
319 9 557 321 61 310 320 302 331 323 301 
320 9 301 302 321 563 19 319 310 331 61 
321 5 61 19 319 331 320 
322 10 300 310 304 135 323 61 302 324 305 335 
323 6 300 310 322 324 319 302 
324 11 302 134 300 297 301 322 371 306 323 375 331 
325 4 349 295 360 361 
326 21 327 377 378 346 338 328 293 408 625 292 339 569 340 291 347 350 615 579 351 297 486 
327 11 291 579 326 580 328 292 615 293 625 340 338 
328 10 297 340 338 347 326 377 327 318 293 378 
329 6 330 358 892 296 132 360 
330 10 893 360 892 359 132 133 358 846 329 914 
331 12 320 324 319 348 20 306 302 372 361 321 371 61 
332 10 318 333 450 406 380 309 364 314 367 138 
333 11 138 309 332 337 364 406 494 314 136 316 313 
334 3 304 335 292 
335 10 300 292 538 375 304 334 632 134 578 322 
336 12 137 299 372 311 369 353 307 312 352 371 349 135 
337 26 333 135 347 309 366 293 297 449 338 314 346 451 136 450 362 369 493 397 318 409 308 299 371 368 452 340 
338 25 374 297 369 135 625 368 303 538 589 327 326 328 346 632 339 378 347 580 298 318 292 340 373 337 293 
339 13 589 340 632 580 326 292 297 293 135 538 305 338 303 
340 23 328 625 297 339 326 538 298 377 337 378 338 344 347 293 292 632 580 589 303 305 346 327 135 
341 8 342 309 311 353 138 137 314 312 
342 9 295 311 133 294 314 132 312 341 313 
343 11 493 449 425 397 424 344 501 345 350 409 450 
344 9 377 317 293 340 351 345 343 378 350 
345 10 317 362 318 378 351 350 343 344 365 409 
346 11 293 326 337 347 377 340 378 297 338 374 318 
347 10 337 340 346 326 293 350 338 297 328 318 
348 6 298 307 331 361 349 306 
349 9 348 311 312 325 298 361 306 307 336 
350 17 467 326 569 317 293 397 466 403 347 448 425 500 345 409 351 343 344 
351 12 291 293 345 397 350 377 326 344 317 569 579 409 
352 11 307 370 336 353 368 298 369 299 371 137 135 
353 13 352 137 341 371 369 370 136 336 368 307 299 138 363 
354 4 360 132 356 355 
355 5 356 354 875 360 874 
356 3 875 355 354 
357 7 296 358 360 359 891 133 132 
358 8 892 359 360 357 133 132 329 330 
359 6 330 905 891 358 892 357 
360 17 905 355 358 132 61 296 329 875 20 357 874 354 133 325 71 330 74 
361 10 311 348 312 61 325 349 331 74 295 73 
362 12 337 366 493 345 363 316 309 406 136 367 368 364 
363 10 364 136 370 316 138 309 353 368 362 314 
364 5 362 363 314 332 333 
365 8 424 425 378 409 366 345 367 501 
366 7 337 316 362 309 365 368 367 
367 9 365 315 366 501 406 493 362 309 332 
368 13 369 352 353 309 370 308 136 337 362 363 316 338 366 
369 10 316 370 368 338 352 337 336 307 299 353 
370 10 352 369 353 363 309 368 136 308 314 137 
371 12 298 373 299 353 306 336 331 337 352 307 324 372 
372 8 371 306 331 302 307 376 336 373 
373 10 134 338 135 376 302 371 299 305 372 298 
374 7 298 346 375 376 293 338 297 
375 7 324 134 135 374 376 305 335 
376 6 372 297 298 374 375 373 
377 11 344 326 340 318 351 293 346 378 328 579 580 
378 15 326 318 579 580 344 317 340 345 346 338 365 297 293 377 328 
379 27 437 380 426 492 497 399 930 490 440 381 439 400 398 387 475 434 797 474 430 428 433 491 896 436 908 481 432 
380 23 491 452 133 431 430 859 492 427 381 429 972 891 405 400 496 132 332 379 488 497 489 407 487 
381 18 908 924 922 859 972 899 923 379 898 434 897 433 896 482 877 380 974 915 
382 30 470 704 662 503 653 443 702 654 479 454 478 473 462 442 393 455 420 422 383 391 453 839 392 509 396 384 663 441 472 402 
383 28 480 473 384 420 449 424 388 393 382 390 499 409 425 397 438 469 702 479 426 435 478 466 427 468 455 467 442 389 
384 10 839 425 454 466 467 383 836 837 382 403 
385 6 386 399 415 423 421 387 
386 7 498 399 499 387 385 420 423 
387 11 385 386 474 396 379 399 415 416 423 907 499 
388 11 141 483 480 397 479 424 389 383 390 426 420 
389 10 397 424 451 383 388 483 449 427 141 390 
390 14 427 388 141 480 426 483 451 435 436 449 383 389 420 140 
391 16 653 382 654 402 470 508 509 476 421 469 393 443 507 392 401 453 
392 20 455 704 462 653 654 469 471 834 393 442 391 382 472 443 662 838 509 453 832 441 
393 20 503 470 462 702 509 478 442 654 476 443 422 472 469 392 480 391 383 461 382 471 
394 5 459 791 395 792 793 
395 6 456 394 789 790 656 793 
396 9 413 423 421 415 414 387 470 654 382 
397 18 424 661 466 343 425 337 388 389 409 351 467 291 403 569 543 350 408 383 
398 9 475 437 908 140 432 399 400 474 379 
399 14 420 423 387 438 499 439 480 398 379 386 435 385 400 440 
400 15 492 380 490 437 440 431 432 430 379 930 435 399 491 428 398 
401 8 502 391 507 506 505 402 654 418 
402 7 391 502 443 507 508 382 401 
403 15 384 448 467 670 664 408 350 466 404 660 711 424 397 425 839 
404 8 448 446 661 660 711 466 403 710 
405 10 431 380 139 429 407 497 452 406 494 451 
406 16 973 891 132 892 407 431 367 332 333 315 133 494 314 294 405 362 
407 10 903 891 406 405 494 133 973 315 380 132 
408 18 409 711 743 661 397 447 326 425 485 404 466 410 291 424 701 682 448 403 
409 28 569 424 425 682 302 383 500 661 365 345 493 450 291 351 350 337 317 343 449 466 447 397 410 309 141 293 408 501 
410 13 447 682 486 448 291 408 743 701 485 409 712 569 742 
411 1 857 
412 5 413 458 656 417 788 
413 4 396 412 654 414 
414 8 413 416 396 654 421 958 959 415 
415 6 387 416 414 396 385 423 
416 6 959 387 415 849 414 958 
417 9 659 419 418 458 717 412 652 788 776 
418 10 717 505 718 504 506 419 417 652 654 401 
419 6 652 656 418 654 417 788 
420 16 469 382 438 399 468 480 388 473 442 479 390 383 386 422 439 435 
421 10 469 414 385 422 477 391 470 423 396 476 
422 13 473 420 477 393 476 421 382 423 144 498 499 469 438 
423 12 477 421 499 386 387 422 396 399 415 498 469 385 
424 16 483 365 467 343 425 388 403 408 141 389 383 466 449 426 409 397 
425 16 343 466 483 384 408 467 365 397 350 424 317 383 403 569 409 493 
426 14 427 483 495 484 490 432 140 436 390 428 388 379 383 424 
427 14 452 139 141 426 431 140 484 495 451 428 389 380 390 383 
428 10 140 484 490 426 427 379 491 437 432 400 
429 6 430 380 491 405 497 431 
430 9 487 497 429 431 432 492 379 400 380 
431 17 451 429 406 497 430 491 380 452 400 133 427 132 972 494 488 139 405 
432 17 428 490 437 430 475 930 481 426 433 379 492 434 398 400 908 140 797 
433 8 434 379 908 492 432 797 381 896 
434 8 896 379 433 381 432 797 924 908 
435 12 383 439 399 390 436 400 437 483 420 480 438 484 
436 8 426 379 435 484 490 437 390 140 
437 11 436 439 435 379 398 140 484 432 400 490 428 
438 16 383 439 839 144 479 468 435 399 478 469 480 440 422 477 473 420 
439 10 399 438 440 379 437 478 420 483 480 435 
440 9 480 400 439 379 473 399 475 438 499 
441 16 768 443 510 511 442 392 444 834 382 453 838 472 462 837 702 455 
442 18 441 392 382 472 443 393 455 463 471 465 444 383 479 462 473 464 420 461 
443 20 402 653 441 143 654 444 503 761 442 832 834 462 393 392 453 455 838 382 391 768 
444 5 442 443 463 441 462 
445 2 480 478 
446 9 661 485 448 660 447 682 743 404 711 
447 8 409 661 446 408 485 682 410 448 
448 10 403 661 711 350 408 485 404 447 446 410 
449 17 452 343 141 451 139 500 501 383 140 450 337 389 424 483 390 409 484 
450 12 343 409 500 139 332 501 451 141 136 452 337 449 
451 14 450 431 390 389 494 139 452 427 496 405 337 484 493 449 
452 10 380 494 431 450 337 427 451 891 449 405 
453 21 510 511 443 391 392 470 833 834 455 382 454 508 838 837 509 664 662 441 835 702 703 
454 16 674 833 702 703 453 838 455 675 837 384 836 663 839 664 382 673 
455 20 461 834 453 472 454 702 836 839 480 441 478 383 471 382 462 510 443 442 392 838 
456 6 789 786 790 458 395 457 
457 7 458 788 786 784 656 789 456 
458 11 784 746 417 788 457 744 412 717 456 775 656 
459 5 460 394 794 795 791 
460 2 791 459 
461 9 478 462 393 473 442 455 463 465 464 
462 14 443 143 442 461 463 465 393 464 392 142 382 441 444 455 
463 4 461 462 444 442 
464 4 462 461 702 442 
465 5 462 461 142 442 479 
466 12 350 424 409 403 425 408 384 404 397 383 467 569 
467 10 350 403 397 424 425 569 384 302 383 466 
468 7 144 480 469 420 438 383 498 
469 12 477 383 393 476 391 420 392 468 423 422 421 438 
470 12 393 396 503 507 421 144 453 654 382 477 476 391 
471 8 473 838 472 442 455 392 478 393 
472 10 382 473 471 478 455 441 442 392 393 479 
473 12 440 461 472 438 471 422 383 478 382 420 442 480 
474 7 924 398 475 907 379 387 908 
475 8 907 398 499 379 908 432 440 474 
476 8 422 421 503 391 470 393 469 477 
477 9 498 469 144 421 422 423 470 476 438 
478 16 479 513 512 439 472 461 382 480 383 445 438 838 393 471 473 455 
479 12 420 388 512 478 480 513 383 465 472 442 438 382 
480 18 438 440 439 388 399 383 499 445 455 498 393 420 473 478 435 479 468 390 
481 2 432 379 
482 3 896 381 898 
483 12 390 425 140 435 389 484 439 449 141 388 424 426 
484 16 140 426 491 139 427 436 495 141 451 437 490 435 483 496 449 428 
485 10 743 486 661 448 410 447 660 408 446 711 
486 9 410 569 712 485 743 701 580 326 682 
487 4 430 489 488 380 
488 7 489 972 487 431 494 380 902 
489 6 897 487 972 896 488 380 
490 11 428 400 432 491 426 379 492 436 437 484 495 
491 10 429 495 484 490 431 428 379 400 492 380 
492 10 497 379 432 380 495 430 433 490 491 400 
493 10 409 362 494 337 501 451 367 309 425 343 
494 10 451 333 407 493 488 406 431 452 405 315 
495 10 491 492 484 140 490 497 496 139 427 426 
496 7 140 495 380 451 497 139 484 
497 9 405 380 379 495 496 430 429 431 492 
498 7 386 480 423 499 422 468 477 
499 10 399 386 480 422 475 383 498 387 423 440 
500 5 350 450 409 449 501 
501 8 450 367 343 449 493 409 500 365 
502 7 503 507 834 654 402 509 401 
503 9 502 654 470 443 393 476 509 382 507 
504 4 418 506 505 654 
505 6 506 504 507 654 401 418 
506 5 401 418 507 505 504 
507 10 470 502 505 401 506 402 508 509 391 503 
508 7 391 402 834 453 654 507 509 
509 10 507 508 391 503 453 382 392 502 393 834 
510 4 453 441 455 511 
511 3 453 441 510 
512 2 479 478 
513 2 479 478 
514 12 617 571 638 539 609 573 584 639 540 515 616 613 
515 12 555 609 532 607 584 616 639 686 617 554 642 514 
516 19 995 547 804 562 805 800 806 1053 550 1051 809 581 640 528 802 631 577 630 576 
517 12 518 519 623 620 585 603 546 594 574 812 604 593 
518 12 517 586 604 550 620 807 527 603 546 519 621 820 
519 6 586 621 517 620 585 518 
520 18 572 596 606 597 612 595 635 636 553 529 573 831 637 605 602 598 551 521 
521 21 635 831 540 637 595 602 522 597 599 601 598 551 573 606 567 553 624 596 605 636 520 
522 16 588 537 597 587 592 524 600 606 566 521 577 523 601 591 568 598 
523 12 524 587 588 607 606 529 522 553 641 563 556 798 
524 13 556 798 640 523 578 568 522 563 591 592 641 310 537 
525 14 526 1002 559 1036 1040 982 1016 1037 527 530 1039 993 1069 1031 
526 14 1071 816 1056 993 527 1002 1037 1069 1030 1016 525 559 821 1011 
527 14 816 526 822 813 814 621 525 821 518 560 993 559 824 1037 
528 9 621 516 607 800 534 529 798 550 581 
529 10 641 528 520 534 563 523 607 561 798 581 
530 15 1065 991 1031 558 827 525 828 1037 1040 1064 826 1039 1066 545 992 
531 15 727 603 623 693 740 763 811 769 532 685 766 564 1043 741 671 
532 14 811 583 727 693 810 685 603 766 623 531 658 686 515 812 
533 7 609 534 535 634 620 633 621 
534 8 529 528 535 607 533 633 621 620 
535 9 633 552 607 533 534 829 609 634 830 
536 13 590 540 612 538 636 599 624 619 537 551 601 582 618 
537 16 591 635 619 524 582 292 304 536 636 601 599 303 538 592 522 590 
538 16 582 537 304 340 601 134 303 589 292 632 335 625 592 338 536 339 
539 7 540 613 541 614 638 624 514 
540 12 618 536 539 624 636 599 573 521 612 541 551 514 
541 11 625 599 624 615 539 612 618 540 636 619 614 
542 6 543 570 614 615 657 686 
543 8 615 569 542 579 292 397 291 570 
544 5 992 546 603 545 622 
545 17 603 544 819 827 622 530 565 1064 991 1008 1025 823 992 826 546 828 1065 
546 10 518 593 623 820 603 544 545 622 517 604 
547 10 576 607 562 995 581 516 640 561 1051 577 
548 5 549 813 814 604 550 
549 9 548 815 817 550 993 576 995 814 805 
550 20 800 516 807 805 528 799 548 801 581 630 621 798 808 815 804 518 607 802 549 809 
551 13 567 612 573 599 596 636 618 595 540 637 521 536 520 
552 12 553 572 617 607 609 627 628 535 616 641 610 605 
553 14 552 521 602 606 641 520 572 523 566 609 616 637 605 588 
554 13 575 643 583 639 645 515 642 584 644 648 686 555 810 
555 8 609 642 515 638 645 639 686 554 
556 7 587 798 563 523 641 524 557 
557 9 563 798 641 300 577 556 310 134 319 
558 7 559 560 823 1040 827 1066 530 
559 6 526 1037 560 558 525 527 
560 6 823 559 558 527 824 1037 
561 10 641 640 798 529 577 576 631 563 547 562 
562 14 1051 577 576 310 631 630 19 995 547 563 1053 561 20 516 
563 21 606 1053 587 529 523 61 320 524 20 578 557 798 556 577 310 562 300 561 19 641 640 
564 6 531 825 565 671 650 992 
565 5 545 603 825 671 564 
566 10 587 553 522 591 588 598 597 590 606 600 
567 5 637 636 573 521 551 
568 3 592 522 524 
569 18 543 397 467 410 351 686 486 570 326 350 466 409 712 657 682 425 579 291 
570 9 614 542 615 141 569 712 686 291 543 
571 6 612 617 572 573 609 514 
572 13 605 520 553 612 552 628 637 602 571 616 573 617 609 
573 14 521 602 618 551 636 595 637 540 567 612 520 571 514 572 
574 8 583 810 575 644 646 584 647 517 
575 12 554 583 648 633 574 647 686 644 645 620 810 584 
576 16 562 516 630 577 549 631 805 561 995 547 1052 629 806 581 1051 1053 
577 16 562 640 522 576 516 1053 561 563 547 995 581 607 1051 19 800 557 
578 8 524 563 306 301 300 335 304 292 
579 11 292 543 378 351 580 326 327 615 569 377 291 
580 15 340 303 292 378 338 291 632 327 339 579 625 589 377 615 486 
581 12 550 516 806 1051 607 798 529 547 800 528 577 576 
582 9 601 303 599 590 538 592 537 536 632 
583 12 643 812 646 574 727 532 554 810 647 575 584 686 
584 14 554 646 575 644 613 643 686 647 515 574 648 810 514 583 
585 6 593 594 586 620 517 519 
586 5 585 621 620 518 519 
587 12 592 588 641 600 601 523 591 566 556 522 597 563 
588 9 523 600 591 553 641 566 606 587 522 
589 12 580 538 305 340 292 303 293 135 338 134 339 632 
590 10 624 599 536 601 591 566 582 592 619 537 
591 12 601 566 522 600 588 537 590 635 619 524 592 587 
592 13 292 568 538 537 587 601 524 303 590 582 522 304 591 
593 7 623 517 603 546 622 594 585 
594 7 810 585 603 517 620 812 593 
595 10 551 612 635 520 521 636 602 573 596 637 
596 14 598 597 606 600 619 602 636 595 599 520 635 551 521 637 
597 10 520 566 587 596 600 521 602 606 598 522 
598 11 566 635 601 596 597 520 600 606 521 522 602 
599 15 619 537 521 536 601 618 636 590 596 540 600 541 612 551 582 
600 11 591 619 588 601 599 596 597 587 522 566 598 
601 13 521 590 598 522 592 582 538 591 599 536 587 537 600 
602 16 637 635 605 831 595 598 606 520 521 596 597 553 636 572 573 616 
603 17 517 532 594 531 518 546 622 810 820 593 544 604 623 812 545 565 992 
604 9 548 621 813 518 517 603 620 820 546 
605 9 831 606 521 552 602 520 553 617 572 
606 14 563 602 596 597 523 598 520 605 566 588 831 522 521 553 
607 24 610 609 640 581 616 515 830 529 608 550 611 535 577 634 627 552 528 628 547 641 534 798 523 829 
608 6 611 607 301 610 616 609 
609 19 626 535 553 572 555 628 634 617 515 533 608 610 611 616 514 607 552 571 627 
610 9 609 617 627 608 611 628 607 552 616 
611 4 607 608 609 610 
612 16 595 636 572 617 637 624 599 551 520 540 536 573 571 618 541 619 
613 7 514 539 638 614 639 686 584 
614 10 541 542 539 613 638 292 570 666 615 624 
615 12 291 326 541 570 625 580 327 543 614 542 579 292 
616 14 514 608 553 627 572 607 628 609 617 515 602 610 552 626 
617 12 515 616 572 626 605 609 628 612 514 610 552 571 
618 10 619 541 599 624 636 551 612 540 536 573 
619 12 537 599 618 600 635 541 591 624 596 612 536 590 
620 13 594 621 586 517 533 585 518 604 519 575 633 820 534 
621 12 533 604 620 550 534 519 807 586 528 518 527 809 
622 11 546 823 603 623 593 826 544 819 1065 828 545 
623 7 532 546 603 531 622 593 517 
624 13 540 590 612 618 636 539 536 541 614 637 619 625 521 
625 12 338 303 292 538 624 632 580 541 340 615 327 326 
626 4 628 617 616 609 
627 6 609 552 628 616 610 607 
628 10 617 626 552 637 616 572 627 610 609 607 
629 4 631 576 630 805 
630 10 631 576 629 995 562 550 805 1053 516 1051 
631 8 629 630 576 516 561 562 805 993 
632 11 580 589 340 338 339 582 625 303 292 335 538 
633 6 634 534 620 535 533 575 
634 6 633 533 642 609 607 535 
635 11 537 595 619 520 521 591 636 602 596 637 598 
636 18 599 573 536 567 551 537 595 540 618 596 520 602 541 637 635 624 521 612 
637 15 567 602 573 628 521 612 553 624 572 551 636 520 635 596 595 
638 7 639 514 614 539 613 555 666 
639 9 613 642 686 554 514 720 555 638 515 
640 10 561 524 995 547 641 563 516 577 798 607 
641 15 587 529 588 552 556 553 563 310 640 523 607 524 557 561 301 
642 9 555 515 639 634 686 643 554 644 648 
643 10 766 554 644 693 642 583 646 584 648 686 
644 8 584 554 575 648 643 642 646 574 
645 6 686 647 554 555 648 575 
646 9 647 648 583 810 574 644 643 584 686 
647 8 645 648 646 575 584 574 686 583 
648 9 575 644 646 554 645 647 584 643 642 
649 7 697 692 651 688 698 689 650 
650 9 990 651 1028 649 986 1007 564 683 1006 
651 9 1006 735 698 649 650 781 738 770 1007 
652 11 659 717 760 761 653 718 654 417 418 419 777 
653 27 780 736 768 737 760 754 382 761 659 391 756 707 724 392 655 717 443 662 774 767 704 778 757 652 718 654 732 
654 21 504 443 653 505 662 414 401 396 413 777 418 470 508 419 391 502 382 392 503 393 652 
655 23 677 700 681 773 679 663 765 662 747 755 752 729 695 675 774 653 674 756 678 753 705 669 668 
656 12 419 785 783 784 457 395 750 787 788 412 789 458 
657 10 712 706 686 705 542 680 713 666 658 569 
658 7 693 705 680 686 532 706 657 
659 24 760 709 718 730 717 734 707 776 724 698 767 745 775 732 750 652 708 723 653 731 768 744 722 417 
660 14 749 674 404 403 675 661 446 667 485 711 710 670 701 743 
661 14 446 667 404 397 408 485 660 743 447 701 711 682 409 448 
662 17 664 655 382 696 773 653 704 654 758 759 702 674 835 392 673 663 453 
663 19 759 836 655 667 662 835 664 670 703 704 382 696 454 674 665 675 749 673 714 
664 14 749 674 836 703 453 675 403 662 833 663 702 454 835 673 
665 15 669 765 663 747 667 666 670 721 713 714 675 749 748 680 715 
666 14 712 667 680 686 665 721 657 713 719 715 638 614 669 720 
667 16 666 714 721 663 660 665 701 670 710 713 742 661 749 748 712 711 
668 9 655 747 670 765 669 681 713 715 680 
669 14 765 680 726 705 665 666 716 715 670 713 655 668 681 719 
670 16 710 749 711 665 667 748 663 660 669 668 714 747 721 719 403 675 
671 12 825 725 565 727 672 564 763 740 685 531 741 1006 
672 8 705 693 765 727 741 680 671 725 
673 13 454 839 662 835 675 663 702 664 759 836 674 696 833 
674 17 756 673 759 736 714 758 660 675 663 655 664 701 696 747 710 662 454 
675 18 711 665 714 674 673 670 655 660 713 681 696 664 833 663 710 454 749 839 
676 7 732 718 709 678 677 767 724 
677 7 655 678 676 751 752 724 700 
678 5 655 755 677 754 676 
679 10 695 681 680 724 700 655 755 752 713 733 
680 15 672 765 681 733 669 679 668 706 666 705 665 693 726 657 658 
681 14 765 715 695 675 679 669 753 668 705 655 755 716 726 680 
682 11 661 410 486 447 409 408 701 712 569 291 446 
683 11 1060 990 1043 781 685 699 684 1062 1006 762 650 
684 12 992 685 1044 781 1062 1043 825 740 741 683 990 1045 
685 12 763 1028 684 671 740 825 762 1043 531 1060 532 683 
686 21 555 532 646 657 666 639 645 766 658 584 642 542 647 569 583 575 613 643 554 515 570 
687 4 688 690 689 692 
688 7 687 689 986 649 697 690 692 
689 5 692 697 687 688 649 
690 8 984 687 1013 1014 691 688 692 697 
691 6 692 1013 986 984 690 1014 
692 10 649 1014 690 691 697 698 687 688 689 1007 
693 13 769 680 672 658 706 705 725 741 765 643 531 726 532 
694 8 696 773 756 695 757 774 755 758 
695 8 696 694 756 655 679 755 765 681 
696 10 674 673 662 695 694 675 758 759 773 663 
697 7 649 1014 698 692 690 689 688 
698 6 738 651 649 692 659 697 
699 1 683 
700 6 677 679 751 655 752 724 
701 12 667 682 712 408 674 713 743 661 742 660 410 486 
702 15 673 662 382 441 703 455 393 454 453 907 832 704 664 383 464 
703 12 832 838 833 837 663 835 454 453 834 704 702 664 
704 13 663 838 836 703 382 759 653 757 832 834 702 662 392 
705 11 726 657 658 680 655 669 681 693 765 672 706 
706 8 658 720 680 693 705 712 713 657 
707 8 734 659 732 730 731 709 708 653 
708 4 709 730 707 659 
709 11 707 718 708 732 717 676 730 722 774 767 659 
710 12 674 757 670 743 749 711 660 675 404 839 667 714 
711 15 446 670 743 404 667 661 675 448 749 485 660 408 714 403 710 
712 12 486 713 720 410 569 666 667 570 682 701 706 657 
713 17 665 748 720 668 749 666 667 714 742 679 712 701 675 721 706 669 657 
714 12 713 674 663 667 670 675 710 748 765 711 665 749 
715 9 669 668 666 665 716 681 765 720 719 
716 4 719 669 681 715 
717 15 722 776 760 709 718 745 417 777 732 418 652 458 730 653 659 
718 9 724 659 652 760 653 709 418 676 717 
719 8 666 670 721 720 715 716 669 748 
720 8 706 715 721 719 639 666 712 713 
721 8 666 665 748 720 719 713 667 670 
722 9 659 751 717 723 732 724 734 709 731 
723 7 731 722 736 780 778 724 659 
724 16 700 751 752 718 722 767 679 754 653 774 659 768 676 723 732 677 
725 6 726 741 672 671 693 765 
726 14 714 749 747 705 693 680 669 667 725 681 403 711 485 765 
727 8 672 810 671 531 532 811 583 766 
728 5 769 729 779 737 778 
729 4 728 769 655 779 
730 10 717 707 708 750 776 709 731 736 659 732 
731 7 732 723 734 707 659 730 722 
732 14 731 760 709 659 767 717 676 653 722 707 724 754 736 730 
733 2 680 679 
734 6 735 731 707 722 736 659 
735 6 781 738 651 734 1006 1007 
736 8 737 778 732 653 723 780 730 734 
737 6 736 779 778 728 653 780 
738 5 739 651 1006 698 735 
739 3 770 1006 738 
740 12 685 1062 741 671 684 763 782 1043 762 825 531 1060 
741 9 763 531 740 684 765 672 693 725 671 
742 5 743 701 410 713 667 
743 11 408 701 486 742 710 410 485 660 711 661 446 
744 4 458 745 659 746 
745 6 775 746 777 659 717 744 
746 3 744 458 745 
747 9 668 655 665 765 749 748 674 726 670 
748 10 714 665 667 765 721 749 747 713 719 670 
749 14 675 663 667 765 748 665 747 670 710 713 711 664 660 714 
750 5 783 656 659 784 730 
751 6 724 722 753 752 677 700 
752 8 765 724 753 751 700 677 655 679 
753 6 765 752 751 681 755 655 
754 7 756 678 755 724 732 757 653 
755 12 679 655 758 757 695 694 678 753 756 754 765 681 
756 11 655 755 754 774 758 757 653 695 694 773 674 
757 11 758 653 694 774 756 754 773 710 755 704 759 
758 9 773 694 759 756 757 696 662 755 674 
759 9 673 704 663 696 662 832 758 757 674 
760 7 653 732 718 717 659 761 652 
761 6 652 653 838 767 443 760 
762 8 740 1043 1060 683 763 1062 685 781 
763 11 671 741 825 1062 781 685 740 762 531 1060 782 
764 1 765 
765 22 715 680 705 748 655 753 755 741 693 665 764 669 672 752 725 726 668 695 714 749 681 747 
766 6 532 531 727 643 810 686 
767 8 761 724 653 676 768 732 709 659 
768 6 653 724 767 659 443 441 
769 6 728 729 531 779 778 693 
770 5 771 1006 739 651 772 
771 2 770 772 
772 2 770 771 
773 8 758 655 662 694 757 774 696 756 
774 8 694 756 757 724 773 653 655 709 
775 5 745 659 776 777 458 
776 6 777 659 717 775 417 730 
777 6 776 717 745 652 654 775 
778 8 780 736 779 737 769 723 728 653 
779 6 769 778 728 729 780 737 
780 6 778 723 736 737 779 653 
781 12 1060 1043 763 782 1062 990 683 684 1006 762 651 735 
782 6 1006 1060 781 1062 740 763 
783 4 750 784 785 656 
784 8 457 785 783 656 788 750 787 458 
785 6 656 784 787 783 788 789 
786 5 787 456 789 457 788 
787 5 786 788 785 656 784 
788 10 412 786 457 458 787 784 417 656 785 419 
789 7 395 656 456 786 790 457 785 
790 3 789 395 456 
791 5 394 792 793 460 459 
792 3 394 791 793 
793 4 791 792 395 394 
794 3 795 459 796 
795 3 794 796 459 
796 2 794 795 
797 4 433 432 434 379 
798 15 528 524 529 561 310 556 550 799 563 800 581 523 607 640 557 
799 9 804 550 803 809 798 801 808 800 802 
800 11 798 516 815 799 809 802 803 581 577 528 550 
801 8 803 808 799 806 550 802 809 804 
802 8 815 803 806 800 516 550 799 801 
803 5 799 800 801 802 809 
804 9 805 516 806 808 815 550 801 799 993 
805 15 550 516 549 576 1051 1052 629 806 1053 817 630 1054 995 631 804 
806 7 802 804 801 516 576 581 805 
807 6 518 621 808 809 815 550 
808 7 801 815 550 804 807 809 799 
809 10 815 808 799 800 516 801 807 550 803 621 
810 13 646 811 574 594 603 554 766 584 575 727 812 532 583 
811 5 532 812 727 810 531 
812 7 583 517 532 811 810 594 603 
813 7 814 815 604 822 548 816 527 
814 8 527 815 548 813 549 817 816 818 
815 10 549 807 814 813 800 808 802 550 804 809 
816 9 526 993 813 817 821 818 814 527 822 
817 11 549 995 1051 822 814 818 805 1002 816 993 1052 
818 3 816 814 817 
819 6 545 823 827 622 824 820 
820 7 603 819 546 824 604 518 620 
821 4 816 822 527 526 
822 5 821 813 816 527 817 
823 7 819 558 545 622 827 824 560 
824 5 823 527 819 560 820 
825 9 763 564 565 992 684 1062 685 740 671 
826 5 828 530 545 622 827 
827 9 1066 558 826 819 530 823 828 1040 545 
828 5 826 827 622 545 530 
829 3 830 535 607 
830 3 607 829 535 
831 5 605 521 602 520 606 
832 8 833 759 703 392 443 834 704 702 
833 11 664 835 838 453 834 832 454 837 703 673 675 
834 14 509 453 455 392 837 508 502 443 833 832 704 703 441 838 
835 9 703 662 663 664 837 833 836 673 453 
836 9 835 455 663 664 454 704 384 673 837 
837 11 703 833 454 836 839 834 835 384 441 453 838 
838 15 839 454 833 703 478 837 834 761 443 471 441 392 453 455 704 
839 11 837 384 438 838 710 403 382 673 675 455 454 
843 9 862 845 882 844 881 911 912 855 921 
844 6 845 232 843 853 911 863 
845 9 234 942 855 863 862 853 844 912 843 
846 20 961 935 931 870 71 969 913 966 914 330 890 861 847 962 905 889 133 963 893 970 
847 13 909 232 868 61 132 931 872 852 935 910 851 846 873 
848 6 928 958 850 849 960 858 
849 13 950 958 881 959 867 416 850 955 848 960 928 957 880 
850 6 849 848 957 960 975 950 
851 9 853 884 980 852 883 920 881 847 873 
852 8 853 851 910 232 909 847 873 936 
853 9 234 855 845 981 844 863 852 851 232 
854 8 944 945 880 856 855 941 882 943 
855 10 845 843 856 854 882 945 941 853 912 881 
856 6 937 939 855 854 940 941 
857 2 411 858 
858 4 848 928 958 857 
859 13 133 971 899 973 861 381 860 132 901 380 870 933 869 
860 10 132 893 133 906 892 905 861 914 859 913 
861 9 846 860 859 914 934 913 870 869 933 
862 10 940 942 863 938 937 925 840 864 845 843 
863 10 926 845 912 864 853 938 234 232 862 844 
864 6 863 841 862 926 840 925 
865 5 955 929 959 867 866 
866 5 915 867 865 908 907 
867 10 956 881 916 951 929 866 950 849 865 955 
868 7 935 932 931 847 870 872 869 
869 7 868 870 901 861 931 935 859 
870 8 935 868 861 869 846 934 859 903 
871 8 930 918 873 872 980 979 948 932 
872 5 871 932 868 847 873 
873 8 980 883 852 979 847 851 872 871 
874 5 355 360 132 876 875 
875 5 360 356 355 876 874 
876 3 875 888 874 
877 8 922 898 917 381 915 879 878 923 
878 5 877 946 930 879 898 
879 7 878 923 877 946 930 918 917 
880 14 945 977 949 975 854 957 976 960 943 849 882 881 950 944 
881 20 843 880 911 916 920 851 855 952 921 867 849 951 957 884 956 980 882 919 953 949 
882 8 843 854 881 944 977 880 945 855 
883 4 980 873 851 884 
884 5 851 921 920 881 883 
888 6 890 889 967 61 969 876 
889 6 61 233 71 890 888 846 
890 7 966 233 889 969 888 846 967 
891 16 893 406 452 380 972 315 359 407 905 892 914 133 357 903 973 132 
892 12 893 358 296 132 914 359 860 329 133 406 891 330 
893 9 860 892 914 891 330 132 846 905 133 
896 9 379 897 908 898 489 433 482 434 381 
897 9 908 900 489 902 896 381 898 972 899 
898 11 908 878 902 482 923 924 896 897 974 381 877 
899 9 897 908 907 381 902 901 859 900 924 
900 7 899 133 897 904 903 902 901 
901 12 859 904 900 903 899 902 133 931 923 933 930 869 
902 13 933 904 900 133 488 903 915 901 898 971 897 973 899 
903 13 971 407 973 900 904 933 901 906 934 870 891 902 133 
904 7 900 934 901 906 903 902 933 
905 10 893 133 891 914 906 846 860 360 359 132 
906 6 133 905 914 860 903 904 
907 9 922 908 866 475 702 474 387 899 929 
908 18 899 915 475 474 896 924 917 379 907 381 432 433 898 398 897 923 434 866 
909 4 847 910 232 852 
910 4 232 847 909 852 
911 5 912 881 844 843 921 
912 5 855 845 843 911 863 
913 8 860 970 914 962 861 934 961 846 
914 14 905 861 906 330 969 913 934 132 893 133 892 846 891 860 
915 10 866 877 923 972 902 924 922 908 381 916 
916 4 956 867 915 881 
917 7 879 919 918 877 923 922 908 
918 9 879 919 871 917 932 978 923 930 922 
919 8 951 953 980 978 918 954 881 917 
920 4 881 921 884 851 
921 5 884 911 881 843 920 
922 10 930 877 915 907 917 918 924 932 923 381 
923 15 879 877 915 381 971 924 917 918 908 946 930 932 898 901 922 
924 9 899 908 915 923 922 898 434 381 474 
928 7 929 848 958 959 858 849 960 
929 6 928 867 955 865 907 959 
930 15 946 918 932 879 931 923 901 922 871 432 948 400 947 379 878 
931 9 947 932 930 846 901 869 935 847 868 
932 12 868 979 872 948 947 935 923 918 922 871 931 930 
933 9 904 971 903 935 934 901 902 859 861 
934 9 870 933 861 914 971 903 913 935 904 
935 9 869 932 933 931 846 847 868 870 934 
936 1 852 
937 6 939 862 856 840 938 925 
938 5 937 939 863 862 942 
939 5 856 937 938 940 941 
940 5 939 942 856 941 862 
941 7 942 856 854 945 939 940 855 
942 5 845 938 940 941 862 
943 4 854 945 880 944 
944 5 945 943 880 882 854 
945 8 977 944 943 941 882 855 880 854 
946 6 947 923 930 948 878 879 
947 5 932 930 931 948 946 
948 6 979 930 871 947 946 932 
949 5 951 976 950 881 880 
950 10 850 849 880 949 976 951 975 957 960 867 
951 8 867 952 949 919 950 881 957 956 
952 5 978 881 951 954 953 
953 6 957 956 952 954 881 919 
954 4 953 978 919 952 
955 7 929 959 867 865 849 957 956 
956 7 953 867 951 957 881 955 916 
957 11 975 976 953 950 880 951 956 881 955 850 849 
958 8 960 416 414 848 849 928 959 858 
959 9 958 960 929 416 865 414 928 849 955 
960 8 950 958 959 848 850 880 928 849 
961 5 913 970 962 846 963 
962 5 961 913 970 846 963 
963 3 962 846 961 
966 6 890 968 970 967 969 846 
967 5 969 890 888 968 966 
968 5 970 967 966 969 233 
969 8 970 968 967 846 966 890 914 888 
970 7 968 846 966 962 969 961 913 
971 8 933 923 972 934 859 902 903 973 
972 11 489 915 971 431 380 897 973 891 488 133 381 
973 9 406 971 407 859 972 902 903 891 133 
974 2 381 898 
975 6 957 880 977 950 850 976 
976 6 950 977 880 949 975 957 
977 5 945 976 882 975 880 
978 6 979 952 954 919 918 980 
979 6 871 873 980 978 948 932 
980 8 978 881 851 873 871 883 919 979 
981 2 232 853 
982 14 1025 991 525 1008 1032 1031 1035 1000 1010 1066 1030 1045 1036 1038 
983 24 1047 1092 989 1087 1005 1020 987 1021 1046 1034 1088 1033 1019 1080 1105 985 1003 1004 1089 1079 1015 1078 1094 1166 
984 8 1013 690 691 986 1151 985 1014 998 
985 15 1015 983 1003 1005 1142 1018 984 1020 986 1016 1033 1034 1035 1000 1017 
986 9 1007 985 691 999 984 1033 650 688 1018 
987 16 988 1140 989 1096 1091 1048 1046 1020 1089 1128 983 1090 1094 1093 1092 1141 
988 22 1141 1046 1023 1130 1136 1129 1090 1049 1050 1128 1048 1091 1096 1093 989 1094 1100 1105 1123 987 1116 1022 
989 12 1022 1105 1087 983 988 1023 1024 987 1091 1048 1089 1046 
990 16 1009 992 781 1027 1045 1041 1044 991 1061 650 1063 1006 684 1028 1007 683 
991 20 1042 1045 1065 1027 1032 992 1010 530 1047 1008 1066 982 1041 990 1028 545 1063 1009 1025 1064 
992 16 991 544 1062 990 684 1065 1007 530 545 1042 825 603 1025 1044 564 1045 
993 30 549 1054 1068 1073 1185 995 1056 1069 804 1011 1002 1074 1015 816 1032 1071 527 1036 1031 994 1070 525 631 1072 1105 1047 526 1037 817 1076 
994 5 1055 1002 1056 995 993 
995 15 994 817 640 630 549 577 562 576 516 1051 547 993 805 19 64 
996 2 997 998 
997 6 1154 1152 996 998 1151 1099 
998 5 984 1012 997 1013 996 
999 11 1033 1001 1035 986 1018 1009 1016 1005 1017 1041 1000 
1000 16 1001 1010 1035 982 1033 1005 1016 1078 1079 1009 1002 1032 1034 1080 999 985 
1001 8 1032 1026 1000 999 1010 1035 1002 1009 
1002 31 1067 1016 817 1001 1010 1000 1070 1011 1098 1030 994 1054 1029 993 1073 1102 1047 1097 1032 526 1071 525 1075 1015 1023 1072 1105 1077 1080 1068 1074 
1003 9 1004 1079 1078 985 983 1092 1166 1013 1005 
1004 10 1021 1079 1099 1078 1005 1034 1003 1019 983 1092 
1005 14 983 1004 1003 1000 999 1017 1080 985 1021 1079 1078 1034 1047 1033 
1006 12 650 651 990 770 738 671 735 782 1007 739 683 781 
1007 13 986 692 1026 1006 1032 650 992 735 990 1047 1027 1009 651 
1008 15 1027 1042 982 1041 1044 1045 545 1032 1025 1065 1063 1009 1026 1010 991 
1009 13 1041 999 990 1000 1026 1007 1008 1001 991 1080 1010 1032 1027 
1010 14 1035 1026 1002 1072 1001 1009 1080 1032 1008 982 1028 1000 991 1016 
1011 28 1076 1016 1083 1073 1015 1086 1188 1002 1047 1046 1054 1085 1082 1029 1081 1183 1032 1097 1023 1071 1106 993 1102 1024 1070 1105 526 1084 
1012 5 1152 1151 1014 1013 998 
1013 10 998 1014 1152 1151 691 1012 690 1154 984 1003 
1014 7 692 690 697 984 1013 691 1012 
1015 12 1075 1016 1002 1024 1105 993 985 1034 1080 1011 983 1047 
1016 27 1074 1067 1000 1047 1073 1051 999 1011 1072 526 1002 1010 525 1078 1029 1018 1032 1017 1035 1015 985 1082 1070 1080 1076 1075 1068 
1017 7 1005 985 999 1018 1047 1041 1016 
1018 8 999 1033 985 1047 1017 1035 986 1016 
1019 8 1091 1021 1020 1079 1078 1004 983 1092 
1020 10 983 1094 1021 1088 1019 1089 1087 985 1047 987 
1021 11 1087 1047 1005 1004 983 1046 1094 1079 1020 1089 1019 
1022 16 1089 1088 1024 1048 1046 988 1023 1105 1083 1096 989 1084 1081 1047 1091 1090 
1023 20 988 1002 1088 1024 1105 1048 1046 1022 989 1087 1106 1089 1050 1091 1095 1011 1083 1084 1090 1081 
1024 13 1015 1082 1081 1088 1046 1106 1047 989 1083 1023 1091 1022 1011 
1025 12 992 1065 1041 1045 1064 1008 982 545 1063 1042 1044 991 
1026 10 1001 1045 1007 1041 1028 1010 1009 1044 1008 1027 
1027 10 1028 991 1009 1007 1041 990 1035 1026 1008 1047 
1028 12 685 1041 1027 1026 1045 1061 1044 650 1043 991 1010 990 
1029 9 1016 1032 1011 1002 1031 1067 1030 1036 1038 
1030 10 1031 1037 1038 1036 526 1029 982 1067 1002 1068 
1031 12 1039 1066 530 1030 1040 1036 982 1029 1038 993 525 1067 
1032 21 1009 1001 1029 1063 1067 991 1002 1007 1010 1008 993 1071 1047 1038 982 1068 1070 1000 1036 1011 1016 
1033 13 985 1035 983 1078 1005 1034 1079 1000 1070 999 1018 1080 986 
1034 13 1015 1092 1035 983 1033 1078 1000 1080 985 1047 1005 1004 1079 
1035 15 999 1078 982 1027 1018 1034 985 1033 1047 1070 1010 1001 1080 1000 1016 
1036 14 1040 1038 525 1031 1029 1032 1030 1037 982 1039 1069 1066 1067 993 
1037 12 530 527 1067 993 1030 559 526 525 560 1039 1069 1036 
1038 8 1036 1029 1030 1039 982 1040 1032 1031 
1039 8 530 1031 1066 1037 1036 525 1040 1038 
1040 9 1038 525 1031 1036 1039 827 1066 530 558 
1041 14 1027 1042 1063 991 1009 1008 1025 1045 990 999 1026 1028 1044 1017 
1042 8 1008 992 1041 1063 1065 1045 1025 991 
1043 12 683 1045 685 531 781 1061 1044 762 684 1028 740 1062 
1044 11 1041 1045 1008 1028 1043 684 1025 1063 1026 990 992 
1045 16 1061 991 1026 1066 992 1025 1028 1043 990 1008 982 1044 1063 1042 684 1041 
1046 20 1087 1022 1080 983 989 1090 1049 1047 1094 1011 1088 1024 987 988 1089 1091 1105 1023 1021 1079 
1047 28 1094 1115 991 1018 1079 993 1099 1007 1022 1050 1035 1046 983 1021 1034 1027 1024 1032 1005 1011 1088 1020 1016 1091 1080 1015 1017 1002 
1048 15 1105 1090 1023 1094 988 1091 1093 1142 1050 1096 1088 987 989 1022 1049 
1049 14 1090 1095 1091 1096 988 1050 1048 1046 1130 1087 1089 1116 1105 1142 
1050 16 1091 1094 1048 1096 1090 1083 1023 1085 988 1095 1088 1049 1089 1081 1047 1105 
1051 13 1052 547 516 817 581 805 995 562 577 1016 576 630 1053 
1052 5 1051 805 576 817 1053 
1053 10 577 19 1052 516 563 1051 562 630 805 576 
1054 11 1098 1011 1002 1059 805 1057 1056 1071 1055 1070 993 
1055 6 1098 1106 1059 1056 1054 994 
1056 5 1054 994 993 526 1055 
1057 6 1071 1059 1185 1098 1058 1054 
1058 4 1185 1059 1098 1057 
1059 4 1054 1055 1058 1057 
1060 9 762 683 781 685 1061 1062 782 740 763 
1061 6 1043 990 1028 1062 1045 1060 
1062 12 1060 740 992 763 684 781 1043 825 762 782 1061 683 
1063 11 1065 990 1032 991 1042 1045 1044 1064 1041 1008 1025 
1064 6 530 1065 991 1063 545 1025 
1065 10 992 1008 622 991 1025 530 1042 1063 545 1064 
1066 10 1031 827 1040 1045 1036 991 982 530 558 1039 
1067 11 1032 1069 1071 1016 1068 1029 1036 1030 1037 1002 1031 
1068 9 1071 1016 1030 1067 1069 1032 993 1082 1002 
1069 7 1036 993 1067 1068 526 1037 525 
1070 15 1073 1032 1002 1011 1071 1016 1033 1075 1035 1076 1054 993 1077 1072 1074 
1071 15 1070 1083 1073 1002 1032 1082 526 1068 993 1057 1054 1067 1011 1077 1084 
1072 10 1073 1075 1010 1070 1002 993 1076 1077 1074 1016 
1073 10 1074 1077 1072 1084 1071 993 1016 1070 1011 1002 
1074 7 1073 1072 1016 993 1082 1070 1002 
1075 8 1002 1077 1076 1015 1016 1070 1072 1080 
1076 9 1072 1105 1077 1075 1011 1082 1016 993 1070 
1077 7 1072 1002 1076 1075 1071 1070 1073 
1078 12 1033 983 1003 1016 1000 1080 1079 1004 1019 1035 1034 1005 
1079 17 983 1090 1034 1021 1033 1005 1080 1019 1078 1088 1091 1046 1004 1047 1003 1087 1000 
1080 17 1075 1078 1009 1000 1090 1035 1034 983 1033 1016 1046 1047 1015 1005 1002 1079 1010 
1081 10 1082 1084 1022 1023 1105 1050 1024 1011 1085 1083 
1082 9 1074 1081 1016 1076 1068 1024 1071 1011 1085 
1083 10 1071 1050 1022 1024 1011 1085 1023 1084 1081 1105 
1084 9 1081 1083 1023 1022 1011 1097 1071 1085 1073 
1085 8 1086 1105 1050 1082 1081 1011 1084 1083 
1086 4 1105 1106 1011 1085 
1087 13 1093 1088 1020 1089 1021 1090 1079 1049 1023 1046 989 983 1094 
1088 14 1024 1020 1022 1023 1091 1079 1090 1050 1047 1048 983 1089 1046 1087 
1089 14 1049 1046 989 987 983 1021 1094 1022 1023 1020 1088 1091 1050 1087 
1090 15 1048 987 1094 1080 988 1088 1079 1046 1022 1096 1091 1087 1050 1049 1023 
1091 26 1049 1090 1088 1130 1093 1048 1079 1105 1022 1024 1047 1129 1141 1095 988 1128 989 1046 1089 1019 1096 1023 1106 1050 987 1140 
1092 14 1094 1151 987 1165 1141 1003 1093 983 1140 1019 1004 1034 1142 1166 
1093 11 1048 1091 988 1130 1096 1092 1141 987 1087 1094 1136 
1094 16 1105 1048 1021 1020 1089 983 1096 1087 987 988 1050 1093 1090 1046 1092 1047 
1095 9 1096 1091 1023 1050 1106 1049 1179 1105 1118 
1096 18 1050 1048 1022 1049 1128 1106 988 1105 1129 1117 1090 1091 1093 987 1095 1094 1118 1130 
1097 5 1098 1011 1084 1105 1002 
1098 7 1097 1057 1058 1055 1185 1002 1054 
1099 14 1101 1047 1140 1164 1165 1157 1153 997 1159 1004 1122 1127 1124 1100 
1100 16 1159 1128 1178 1181 1123 1099 1137 1129 1113 1134 1115 1157 1101 988 1127 1173 
1101 11 1122 1165 1099 1140 1181 1124 1166 1123 1164 1100 1151 
1102 23 1111 1185 1011 1109 1002 1184 1148 1150 106 1155 1179 104 105 107 1162 1112 108 1104 103 1187 168 1103 1118 
1103 17 1104 1102 1184 1148 1150 1155 1185 1162 106 1147 1112 104 105 1111 107 1187 108 
1104 10 1103 101 1102 100 1155 105 1150 1184 9 1185 
1105 31 1011 1023 1083 1048 1129 988 1086 1049 1076 1046 1085 1130 1022 1081 1050 1176 1118 1097 1002 1136 989 1015 1094 1182 1106 993 1095 1185 1091 1096 983 
1106 24 1091 1112 1179 1096 1055 1161 1186 1105 1011 1162 1024 1183 1023 1188 1176 1118 1116 1160 1178 1129 1117 1086 1095 1185 
1107 13 1147 1172 1139 1138 1115 1145 1120 1137 1109 1135 1127 1108 1119 
1108 9 1138 1111 1169 1109 1107 1120 1145 1135 1146 
1109 10 1119 1111 1148 1108 1139 1107 1138 1110 1102 1120 
1110 13 1144 1120 1178 1121 1111 1163 1109 1160 1143 1117 1139 1161 1112 
1111 21 1109 1162 1102 103 1184 1108 104 108 1139 107 1185 1155 1103 1148 1183 1187 1112 1110 1169 1121 106 
1112 18 1155 1162 1102 103 1185 108 107 1183 1187 1103 1148 1111 106 1110 1161 1106 1121 1184 
1113 8 1157 1158 1159 1127 1114 1100 1170 1115 
1114 10 157 1167 1127 1113 159 1157 1158 1115 1171 1145 
1115 14 1100 1159 1137 1047 1174 1107 1171 1113 1138 1172 1145 1170 1173 1114 
1116 12 1177 1118 1176 1117 1179 988 1178 1106 1129 1182 1049 1130 
1117 12 1162 1183 1143 1110 1096 1106 1116 1118 1177 1176 1179 1178 
1118 15 1130 1102 1105 1095 1096 1183 1177 1179 1178 1117 1136 1116 1129 1186 1106 
1119 8 1120 1121 1139 1138 1176 1135 1109 1107 
1120 7 1109 1108 1110 1183 1119 1121 1107 
1121 13 1177 1163 1143 1110 1112 1120 1119 1111 1136 1161 1135 1183 1176 
1122 6 1099 1123 1124 1101 1165 1128 
1123 12 1165 1173 1175 1134 1128 1129 1124 1101 1181 1122 1100 988 
1124 11 1180 1181 1134 1099 1166 1122 1101 1165 1128 1123 1140 
1125 3 1127 157 1126 
1126 2 1125 1127 
1127 11 1113 1158 1114 1099 1125 1107 1176 1126 1100 157 1157 
1128 13 1129 1130 1124 1123 1096 1122 1180 1100 987 1091 1141 988 1140 
1129 17 1118 1175 1116 1130 1096 1105 1106 1123 1100 1176 1178 1091 1182 1135 988 1128 1180 
1130 13 1091 1093 1141 1096 1049 1136 1128 1140 1118 1129 1116 1105 988 
1131 6 1152 1133 1132 1153 1154 1166 
1132 7 1166 1165 1154 1131 1133 1153 1164 
1133 8 1164 1166 1165 1131 1153 1151 1154 1132 
1134 11 1174 1140 1136 1139 1135 1124 1123 1182 1180 1100 1175 
1135 9 1139 1176 1129 1121 1119 1108 1107 1136 1134 
1136 11 988 1176 1151 1121 1105 1093 1182 1135 1118 1130 1134 
1137 9 1100 1170 1175 1174 1107 1139 1138 1115 1172 
1138 12 1170 1139 1108 1109 1119 1137 1171 1172 1147 1115 1107 1145 
1139 10 1175 1110 1107 1138 1134 1135 1137 1111 1109 1119 
1140 11 1099 1134 1124 1101 987 1092 1142 1130 1141 1128 1091 
1141 9 1092 987 1093 1130 1142 1128 1091 988 1140 
1142 8 1166 1151 1048 1092 1140 985 1049 1141 
1143 6 1121 1144 1163 1110 1177 1117 
1144 7 1143 1161 1160 1163 1110 1178 1177 
1145 8 1147 1146 1115 1114 1171 1138 1108 1107 
1146 5 1169 1167 1108 1147 1145 
1147 5 1145 1138 1107 1146 1103 
1148 20 1112 108 1162 104 1111 1149 103 107 106 1184 1185 1187 1103 1150 105 1109 1102 1155 223 212 
1149 8 1184 225 10 104 1148 1150 101 212 
1150 16 101 1162 1155 98 1156 1102 102 1103 1148 225 9 22 1104 10 1149 100 
1151 13 1133 1136 1152 1092 1101 1142 1013 1012 1166 1176 984 997 1154 
1152 9 1151 1012 1157 997 1013 1159 1154 1153 1131 
1153 10 1164 1154 1131 1133 1099 1132 1157 1152 1165 1159 
1154 10 1153 1132 997 1164 1131 1166 1013 1133 1152 1151 
1155 17 1111 1104 105 106 100 107 1150 1148 108 1162 1102 1103 1184 1187 1112 1156 1185 
1156 5 9 102 1150 1155 100 
1157 10 1113 1152 1114 1158 157 1099 1153 1127 1100 1159 
1158 7 1157 1113 1114 1127 157 159 1159 
1159 8 1113 1157 1158 1115 1152 1099 1100 1153 
1160 8 1186 1110 1144 1178 1162 1161 1179 1106 
1161 11 1110 1106 1144 1186 1187 103 1183 1121 1162 1160 1112 
1162 18 106 1186 1187 1112 1150 1111 1102 1183 1161 1106 1155 1148 1160 107 1117 1185 1103 1179 
1163 6 1110 1176 1177 1144 1121 1143 
1164 8 1153 1101 1133 1166 1099 1154 1132 1165 
1165 12 1133 1123 1166 1101 1132 1099 1092 1122 1124 1164 1181 1153 
1166 13 1142 1132 1165 1003 1101 1131 983 1124 1154 1151 1092 1164 1133 
1167 6 1114 1146 148 159 1169 1168 
1168 5 1169 1167 171 148 145 
1169 5 1111 1108 1168 1167 1146 
1170 6 1172 1138 1137 1171 1115 1113 
1171 6 1170 1115 1172 1114 1145 1138 
1172 6 1107 1138 1137 1171 1170 1115 
1173 6 1100 1115 1175 1174 1123 1181 
1174 5 1137 1134 1173 1115 1175 
1175 9 1181 1139 1123 1129 1134 1173 1174 1180 1137 
1176 13 1177 1151 1119 1117 1121 1135 1129 1163 1106 1136 1105 1116 1127 
1177 10 1116 1179 1117 1178 1163 1144 1143 1176 1121 1118 
1178 12 1116 1117 1100 1129 1160 1144 1110 1180 1106 1177 1118 1179 
1179 11 1116 1106 1117 1162 1102 1160 1095 1178 1177 1118 1186 
1180 8 1124 1175 1134 1128 1181 1182 1129 1178 
1181 9 1124 1175 1182 1165 1101 1123 1180 1100 1173 
1182 7 1134 1180 1105 1136 1116 1129 1181 
1183 15 1112 1111 1188 1186 1187 1185 1162 1184 1120 1161 1118 1106 1011 1121 1117 
1184 16 1149 1155 106 1112 1185 1103 1111 1102 168 1104 104 1148 1183 1187 108 107 
1185 23 1057 105 1184 103 1148 1098 106 1183 108 1058 1188 1162 1155 107 1112 1106 1111 1104 1187 1105 993 1103 1102 
1186 9 1183 1106 1179 1162 1160 1161 1118 1188 1187 
1187 17 1184 1103 1183 1102 1162 1148 103 1161 108 1112 1111 1188 107 106 1155 1185 1186 
1188 6 1106 1185 1183 1187 1186 1011 
>>>>>>> 0514ea9fae0f841576757defb02235a9189b0fad
