<<<<<<< HEAD
Site ID, Channel separation constraint, Number of Sectors, List of Sectors IDs
0 2 1 615 
1 2 3 1043 1044 1045 
2 2 2 466 467 
3 2 1 714 
4 2 2 762 763 
5 2 3 1060 1061 1062 
6 2 2 710 711 
7 2 3 896 897 898 
8 2 3 747 748 749 
9 2 2 483 484 
10 2 2 520 521 
11 2 2 1036 1037 
12 2 2 485 486 
13 2 2 377 378 
14 2 2 346 347 
15 2 1 336 
16 2 2 1081 1082 
17 2 2 640 641 
18 2 3 24 25 26 
19 2 1 982 
20 2 1 581 
21 2 2 605 606 
22 2 3 868 869 870 
23 2 3 561 562 563 
24 2 3 544 545 546 
25 2 1 481 
26 2 3 245 246 247 
27 2 3 1048 1049 1050 
28 2 3 1148 1149 1150 
29 2 3 840 841 842 
30 2 1 983 
31 2 3 1078 1079 1080 
32 2 2 329 330 
33 2 2 476 477 
34 2 2 19 20 
35 2 2 928 929 
36 2 3 300 301 302 
37 2 3 874 875 876 
38 2 3 357 358 359 
39 2 2 459 460 
40 2 2 794 795 
41 2 1 70 
42 2 3 55 56 57 
43 2 2 493 494 
44 2 1 566 
45 2 3 204 205 206 
46 2 2 574 575 
47 2 3 646 647 648 
48 2 3 421 422 423 
49 2 3 668 669 670 
50 2 1 713 
51 2 3 58 59 60 
52 2 1 361 
53 2 3 1012 1013 1014 
54 2 2 4 5 
55 2 3 599 600 601 
56 2 2 348 349 
57 2 2 593 594 
58 2 3 1131 1132 1133 
59 2 3 379 380 381 
60 2 1 797 
61 2 3 487 488 489 
62 2 3 490 491 492 
63 2 3 1029 1030 1031 
64 2 3 27 28 29 
65 2 3 382 383 384 
66 2 3 902 903 904 
67 2 2 332 333 
68 2 3 82 83 84 
69 2 3 525 526 527 
70 2 3 9 10 11 
71 2 1 231 
72 2 3 1145 1146 1147 
73 2 3 1173 1174 1175 
74 2 3 539 540 541 
75 2 3 408 409 410 
76 2 2 412 413 
77 2 1 482 
78 2 2 697 698 
79 2 1 699 
80 2 3 859 860 861 
81 2 3 126 127 128 
82 2 1 450 
83 2 3 114 115 116 
84 2 2 350 351 
85 2 2 285 286 
86 2 2 915 916 
87 2 3 955 956 957 
88 2 3 232 233 234 
89 2 1 701 
90 2 1 733 
91 2 2 738 739 
92 2 2 740 741 
93 2 3 1152 1153 1154 
94 2 1 551 
95 2 2 112 113 
96 2 3 385 386 387 
97 2 2 728 729 
98 2 3 268 269 270 
99 2 3 984 985 986 
100 2 3 757 758 759 
101 2 1 331 
102 2 3 48 49 50 
103 2 1 235 
104 2 2 73 74 
105 2 2 514 515 
106 2 3 801 802 803 
107 2 2 618 619 
108 2 3 590 591 592 
109 2 2 243 244 
110 2 2 51 52 
111 2 2 429 430 
112 2 2 1178 1179 
113 2 3 1003 1004 1005 
114 2 2 1155 1156 
115 2 3 707 708 709 
116 2 3 946 947 948 
117 2 3 279 280 281 
118 2 3 282 283 284 
119 2 4 441 442 443 444 
120 2 3 949 950 951 
121 2 2 1085 1086 
122 2 3 414 415 416 
123 2 2 767 768 
124 2 3 432 433 434 
125 2 4 12 13 14 15 
126 2 2 705 706 
127 2 3 169 170 171 
128 2 3 1026 1027 1028 
129 2 3 676 677 678 
130 2 3 536 537 538 
131 2 2 883 884 
132 2 3 1125 1126 1127 
133 2 3 888 889 890 
134 2 3 166 167 168 
135 2 3 1033 1034 1035 
136 2 3 1092 1093 1094 
137 2 2 1090 1091 
138 2 2 468 469 
139 2 3 996 997 998 
140 2 3 843 844 845 
141 2 3 6 7 8 
142 2 3 679 680 681 
143 2 2 53 54 
144 2 3 783 784 785 
145 2 3 987 988 989 
146 2 3 1087 1088 1089 
147 2 3 39 40 41 
148 2 3 1128 1129 1130 
149 2 3 899 900 901 
150 2 2 451 452 
151 2 3 1110 1111 1112 
152 2 3 354 355 356 
153 2 1 612 
154 2 2 424 425 
155 2 2 334 335 
156 2 3 236 237 238 
157 2 3 971 972 973 
158 2 3 103 104 105 
159 2 2 583 584 
160 2 2 585 586 
161 2 3 1102 1103 1104 
162 2 3 100 101 102 
163 2 2 819 820 
164 2 2 474 475 
165 2 3 1157 1158 1159 
166 2 3 151 152 153 
167 2 3 374 375 376 
168 2 3 371 372 373 
169 2 2 306 307 
170 2 3 262 263 264 
171 2 2 528 529 
172 2 3 522 523 524 
173 2 1 750 
174 2 1 325 
175 2 2 1070 1071 
176 2 3 687 688 689 
177 2 3 248 249 250 
178 2 3 804 805 806 
179 2 3 807 808 809 
180 2 3 438 439 440 
181 2 2 498 499 
182 2 2 30 31 
183 2 2 174 175 
184 2 2 622 623 
185 2 2 1046 1047 
186 2 3 1063 1064 1065 
187 2 2 920 921 
188 2 2 352 353 
189 2 3 933 934 935 
190 2 2 857 858 
191 2 2 1105 1106 
192 2 2 277 278 
193 2 1 431 
194 2 3 495 496 497 
195 2 3 504 505 506 
196 2 2 556 557 
197 2 2 616 617 
198 2 1 659 
199 2 2 341 342 
200 2 2 254 255 
201 2 3 388 389 390 
202 2 1 449 
203 2 3 139 140 141 
204 2 2 500 501 
205 2 3 192 193 194 
206 2 3 405 406 407 
207 2 2 671 672 
208 2 3 999 1000 1001 
209 2 2 1017 1018 
210 2 2 313 314 
211 2 1 568 
212 2 3 665 666 667 
213 2 3 571 572 573 
214 2 3 67 68 69 
215 2 2 80 81 
216 2 2 764 765 
217 2 3 32 33 34 
218 2 3 810 811 812 
219 2 3 435 436 437 
220 2 2 71 72 
221 2 1 397 
222 2 2 403 404 
223 2 3 85 86 87 
224 2 3 64 65 66 
225 2 3 775 776 777 
226 2 3 148 149 150 
227 2 3 673 674 675 
228 2 2 308 309 
229 2 3 362 363 364 
230 2 1 315 
231 2 3 885 886 887 
232 2 2 725 726 
233 2 3 694 695 696 
234 2 2 773 774 
235 2 3 649 650 651 
236 2 2 35 36 
237 2 3 652 653 654 
238 2 3 854 855 856 
239 2 3 943 944 945 
240 2 3 937 938 939 
241 2 3 940 941 942 
242 2 1 1151 
243 2 3 42 43 44 
244 2 2 736 737 
245 2 3 778 779 780 
246 2 3 1107 1108 1109 
247 2 2 1083 1084 
248 2 2 597 598 
249 2 2 576 577 
250 2 2 2 3 
251 2 3 45 46 47 
252 2 2 846 847 
253 2 2 969 970 
254 2 2 569 570 
255 2 2 542 543 
256 2 1 310 
257 2 1 411 
258 2 3 865 866 867 
259 2 3 690 691 692 
260 2 3 368 369 370 
261 2 2 620 621 
262 2 3 862 863 864 
263 2 2 638 639 
264 2 3 365 366 367 
265 2 1 1011 
266 2 2 1097 1098 
267 2 1 1006 
268 2 2 172 173 
269 2 3 179 180 181 
270 2 3 176 177 178 
271 2 3 187 188 189 
272 2 3 259 260 261 
273 2 3 91 92 93 
274 2 3 94 95 96 
275 2 1 682 
276 2 3 1122 1123 1124 
277 2 1 693 
278 2 2 657 658 
279 2 2 715 716 
280 2 3 702 703 704 
281 2 3 835 836 837 
282 2 2 838 839 
283 2 3 832 833 834 
284 2 3 217 218 219 
285 2 3 1134 1135 1136 
286 2 1 1002 
287 2 3 1072 1073 1074 
288 2 3 930 931 932 
289 2 3 1022 1023 1024 
290 2 2 760 761 
291 2 3 848 849 850 
292 2 2 579 580 
293 2 3 123 124 125 
294 2 3 120 121 122 
295 2 3 891 892 893 
296 2 3 1167 1168 1169 
297 2 2 229 230 
298 2 3 226 227 228 
299 2 3 109 110 111 
300 2 2 909 910 
301 2 1 981 
302 2 3 871 872 873 
303 2 2 742 743 
304 2 2 1143 1144 
305 2 3 129 130 131 
306 2 3 106 107 108 
307 2 1 769 
308 2 3 770 771 772 
309 2 1 700 
310 2 3 635 636 637 
311 2 3 453 454 455 
312 2 1 974 
313 2 3 1067 1068 1069 
314 2 3 456 457 458 
315 2 2 789 790 
316 2 3 922 923 924 
317 2 2 624 625 
318 2 2 132 133 
319 2 1 632 
320 2 3 223 224 225 
321 2 3 558 559 560 
322 2 3 1160 1161 1162 
323 2 3 136 137 138 
324 2 3 303 304 305 
325 2 1 396 
326 2 1 470 
327 2 3 271 272 273 
328 2 2 212 213 
329 2 3 1008 1009 1010 
330 2 3 719 720 721 
331 2 1 596 
332 2 3 154 155 156 
333 2 3 961 962 963 
334 2 3 478 479 480 
335 2 1 1032 
336 2 3 426 427 428 
337 2 2 964 965 
338 2 3 662 663 664 
339 2 2 182 183 
340 2 2 1176 1177 
341 2 3 851 852 853 
342 2 1 936 
343 2 1 1007 
344 2 3 1137 1138 1139 
345 2 2 1041 1042 
346 2 3 417 418 419 
347 2 3 1183 1184 1185 
348 2 3 1019 1020 1021 
349 2 2 913 914 
350 2 3 754 755 756 
351 2 2 587 588 
352 2 1 595 
353 2 2 717 718 
354 2 2 911 912 
355 2 2 894 895 
356 2 3 256 257 258 
357 2 2 75 76 
358 2 3 21 22 23 
359 2 3 97 98 99 
360 2 3 291 292 293 
361 2 3 61 62 63 
362 2 1 656 
363 2 3 966 967 968 
364 2 2 210 211 
365 2 3 1099 1100 1101 
366 2 1 578 
367 2 3 461 462 463 
368 2 1 464 
369 2 1 465 
370 2 1 142 
371 2 1 143 
372 2 3 160 161 162 
373 2 2 531 532 
374 2 2 554 555 
375 2 3 642 643 644 
376 2 3 297 298 299 
377 2 3 391 392 393 
378 2 3 471 472 473 
379 2 3 507 508 509 
380 2 3 683 684 685 
381 2 2 781 782 
382 2 1 825 
383 2 1 360 
384 2 3 1180 1181 1182 
385 2 1 530 
386 2 3 826 827 828 
387 2 1 239 
388 2 3 294 295 296 
389 2 1 510 
390 2 3 609 610 611 
391 2 2 607 608 
392 2 1 511 
393 2 2 401 402 
394 2 3 322 323 324 
395 2 3 343 344 345 
396 2 1 547 
397 2 3 274 275 276 
398 2 2 627 628 
399 2 2 821 822 
400 2 3 1038 1039 1040 
401 2 1 1066 
402 2 2 905 906 
403 2 3 952 953 954 
404 2 3 816 817 818 
405 2 1 589 
406 2 3 198 199 200 
407 2 3 195 196 197 
408 2 3 201 202 203 
409 2 3 207 208 209 
410 2 3 319 320 321 
411 2 3 16 17 18 
412 2 3 88 89 90 
413 2 3 214 215 216 
414 2 2 564 565 
415 2 3 925 926 927 
416 2 3 880 881 882 
417 2 3 975 976 977 
418 2 1 796 
419 2 3 786 787 788 
420 2 2 829 830 
421 2 1 655 
422 2 3 220 221 222 
423 2 1 712 
424 2 1 727 
425 2 1 766 
426 2 2 603 604 
427 2 3 722 723 724 
428 2 3 978 979 980 
429 2 3 1119 1120 1121 
430 2 3 990 991 992 
431 2 2 823 824 
432 2 3 798 799 800 
433 2 3 1113 1114 1115 
434 2 1 287 
435 2 3 533 534 535 
436 2 3 1170 1171 1172 
437 2 2 1015 1016 
438 2 3 77 78 79 
439 2 2 37 38 
440 2 3 184 185 186 
441 2 3 1164 1165 1166 
442 2 2 734 735 
443 2 3 751 752 753 
444 2 3 1140 1141 1142 
445 2 3 1116 1117 1118 
446 2 1 1163 
447 2 2 1095 1096 
448 2 2 394 395 
449 2 3 791 792 793 
450 2 3 265 266 267 
451 2 2 190 191 
452 2 1 445 
453 2 3 517 518 519 
454 2 3 163 164 165 
455 2 3 917 918 919 
456 2 3 117 118 119 
457 2 1 567 
458 2 3 744 745 746 
459 2 3 958 959 960 
460 2 1 1025 
461 2 2 633 634 
462 2 3 145 146 147 
463 2 2 907 908 
464 2 3 240 241 242 
465 2 3 251 252 253 
466 2 3 1186 1187 1188 
467 2 1 602 
468 2 2 613 614 
469 2 2 502 503 
470 2 3 338 339 340 
471 2 3 326 327 328 
472 2 1 645 
473 2 2 0 1 
474 2 3 1054 1055 1056 
475 2 3 629 630 631 
476 2 3 1057 1058 1059 
477 2 3 1051 1052 1053 
478 2 3 993 994 995 
479 2 1 626 
480 2 1 337 
481 2 2 311 312 
482 2 1 831 
483 2 2 552 553 
484 2 3 316 317 318 
485 2 3 730 731 732 
486 2 1 686 
487 2 1 516 
488 2 1 582 
489 2 3 288 289 290 
490 2 3 548 549 550 
491 2 3 813 814 815 
492 2 1 420 
493 2 1 512 
494 2 1 513 
495 2 3 877 878 879 
496 2 3 398 399 400 
497 2 2 134 135 
498 2 3 1075 1076 1077 
499 2 1 144 
500 2 2 660 661 
501 2 3 446 447 448 
502 2 3 157 158 159 
=======
Site ID, Channel separation constraint, Number of Sectors, List of Sectors IDs
0 2 1 615 
1 2 3 1043 1044 1045 
2 2 2 466 467 
3 2 1 714 
4 2 2 762 763 
5 2 3 1060 1061 1062 
6 2 2 710 711 
7 2 3 896 897 898 
8 2 3 747 748 749 
9 2 2 483 484 
10 2 2 520 521 
11 2 2 1036 1037 
12 2 2 485 486 
13 2 2 377 378 
14 2 2 346 347 
15 2 1 336 
16 2 2 1081 1082 
17 2 2 640 641 
18 2 3 24 25 26 
19 2 1 982 
20 2 1 581 
21 2 2 605 606 
22 2 3 868 869 870 
23 2 3 561 562 563 
24 2 3 544 545 546 
25 2 1 481 
26 2 3 245 246 247 
27 2 3 1048 1049 1050 
28 2 3 1148 1149 1150 
29 2 3 840 841 842 
30 2 1 983 
31 2 3 1078 1079 1080 
32 2 2 329 330 
33 2 2 476 477 
34 2 2 19 20 
35 2 2 928 929 
36 2 3 300 301 302 
37 2 3 874 875 876 
38 2 3 357 358 359 
39 2 2 459 460 
40 2 2 794 795 
41 2 1 70 
42 2 3 55 56 57 
43 2 2 493 494 
44 2 1 566 
45 2 3 204 205 206 
46 2 2 574 575 
47 2 3 646 647 648 
48 2 3 421 422 423 
49 2 3 668 669 670 
50 2 1 713 
51 2 3 58 59 60 
52 2 1 361 
53 2 3 1012 1013 1014 
54 2 2 4 5 
55 2 3 599 600 601 
56 2 2 348 349 
57 2 2 593 594 
58 2 3 1131 1132 1133 
59 2 3 379 380 381 
60 2 1 797 
61 2 3 487 488 489 
62 2 3 490 491 492 
63 2 3 1029 1030 1031 
64 2 3 27 28 29 
65 2 3 382 383 384 
66 2 3 902 903 904 
67 2 2 332 333 
68 2 3 82 83 84 
69 2 3 525 526 527 
70 2 3 9 10 11 
71 2 1 231 
72 2 3 1145 1146 1147 
73 2 3 1173 1174 1175 
74 2 3 539 540 541 
75 2 3 408 409 410 
76 2 2 412 413 
77 2 1 482 
78 2 2 697 698 
79 2 1 699 
80 2 3 859 860 861 
81 2 3 126 127 128 
82 2 1 450 
83 2 3 114 115 116 
84 2 2 350 351 
85 2 2 285 286 
86 2 2 915 916 
87 2 3 955 956 957 
88 2 3 232 233 234 
89 2 1 701 
90 2 1 733 
91 2 2 738 739 
92 2 2 740 741 
93 2 3 1152 1153 1154 
94 2 1 551 
95 2 2 112 113 
96 2 3 385 386 387 
97 2 2 728 729 
98 2 3 268 269 270 
99 2 3 984 985 986 
100 2 3 757 758 759 
101 2 1 331 
102 2 3 48 49 50 
103 2 1 235 
104 2 2 73 74 
105 2 2 514 515 
106 2 3 801 802 803 
107 2 2 618 619 
108 2 3 590 591 592 
109 2 2 243 244 
110 2 2 51 52 
111 2 2 429 430 
112 2 2 1178 1179 
113 2 3 1003 1004 1005 
114 2 2 1155 1156 
115 2 3 707 708 709 
116 2 3 946 947 948 
117 2 3 279 280 281 
118 2 3 282 283 284 
119 2 4 441 442 443 444 
120 2 3 949 950 951 
121 2 2 1085 1086 
122 2 3 414 415 416 
123 2 2 767 768 
124 2 3 432 433 434 
125 2 4 12 13 14 15 
126 2 2 705 706 
127 2 3 169 170 171 
128 2 3 1026 1027 1028 
129 2 3 676 677 678 
130 2 3 536 537 538 
131 2 2 883 884 
132 2 3 1125 1126 1127 
133 2 3 888 889 890 
134 2 3 166 167 168 
135 2 3 1033 1034 1035 
136 2 3 1092 1093 1094 
137 2 2 1090 1091 
138 2 2 468 469 
139 2 3 996 997 998 
140 2 3 843 844 845 
141 2 3 6 7 8 
142 2 3 679 680 681 
143 2 2 53 54 
144 2 3 783 784 785 
145 2 3 987 988 989 
146 2 3 1087 1088 1089 
147 2 3 39 40 41 
148 2 3 1128 1129 1130 
149 2 3 899 900 901 
150 2 2 451 452 
151 2 3 1110 1111 1112 
152 2 3 354 355 356 
153 2 1 612 
154 2 2 424 425 
155 2 2 334 335 
156 2 3 236 237 238 
157 2 3 971 972 973 
158 2 3 103 104 105 
159 2 2 583 584 
160 2 2 585 586 
161 2 3 1102 1103 1104 
162 2 3 100 101 102 
163 2 2 819 820 
164 2 2 474 475 
165 2 3 1157 1158 1159 
166 2 3 151 152 153 
167 2 3 374 375 376 
168 2 3 371 372 373 
169 2 2 306 307 
170 2 3 262 263 264 
171 2 2 528 529 
172 2 3 522 523 524 
173 2 1 750 
174 2 1 325 
175 2 2 1070 1071 
176 2 3 687 688 689 
177 2 3 248 249 250 
178 2 3 804 805 806 
179 2 3 807 808 809 
180 2 3 438 439 440 
181 2 2 498 499 
182 2 2 30 31 
183 2 2 174 175 
184 2 2 622 623 
185 2 2 1046 1047 
186 2 3 1063 1064 1065 
187 2 2 920 921 
188 2 2 352 353 
189 2 3 933 934 935 
190 2 2 857 858 
191 2 2 1105 1106 
192 2 2 277 278 
193 2 1 431 
194 2 3 495 496 497 
195 2 3 504 505 506 
196 2 2 556 557 
197 2 2 616 617 
198 2 1 659 
199 2 2 341 342 
200 2 2 254 255 
201 2 3 388 389 390 
202 2 1 449 
203 2 3 139 140 141 
204 2 2 500 501 
205 2 3 192 193 194 
206 2 3 405 406 407 
207 2 2 671 672 
208 2 3 999 1000 1001 
209 2 2 1017 1018 
210 2 2 313 314 
211 2 1 568 
212 2 3 665 666 667 
213 2 3 571 572 573 
214 2 3 67 68 69 
215 2 2 80 81 
216 2 2 764 765 
217 2 3 32 33 34 
218 2 3 810 811 812 
219 2 3 435 436 437 
220 2 2 71 72 
221 2 1 397 
222 2 2 403 404 
223 2 3 85 86 87 
224 2 3 64 65 66 
225 2 3 775 776 777 
226 2 3 148 149 150 
227 2 3 673 674 675 
228 2 2 308 309 
229 2 3 362 363 364 
230 2 1 315 
231 2 3 885 886 887 
232 2 2 725 726 
233 2 3 694 695 696 
234 2 2 773 774 
235 2 3 649 650 651 
236 2 2 35 36 
237 2 3 652 653 654 
238 2 3 854 855 856 
239 2 3 943 944 945 
240 2 3 937 938 939 
241 2 3 940 941 942 
242 2 1 1151 
243 2 3 42 43 44 
244 2 2 736 737 
245 2 3 778 779 780 
246 2 3 1107 1108 1109 
247 2 2 1083 1084 
248 2 2 597 598 
249 2 2 576 577 
250 2 2 2 3 
251 2 3 45 46 47 
252 2 2 846 847 
253 2 2 969 970 
254 2 2 569 570 
255 2 2 542 543 
256 2 1 310 
257 2 1 411 
258 2 3 865 866 867 
259 2 3 690 691 692 
260 2 3 368 369 370 
261 2 2 620 621 
262 2 3 862 863 864 
263 2 2 638 639 
264 2 3 365 366 367 
265 2 1 1011 
266 2 2 1097 1098 
267 2 1 1006 
268 2 2 172 173 
269 2 3 179 180 181 
270 2 3 176 177 178 
271 2 3 187 188 189 
272 2 3 259 260 261 
273 2 3 91 92 93 
274 2 3 94 95 96 
275 2 1 682 
276 2 3 1122 1123 1124 
277 2 1 693 
278 2 2 657 658 
279 2 2 715 716 
280 2 3 702 703 704 
281 2 3 835 836 837 
282 2 2 838 839 
283 2 3 832 833 834 
284 2 3 217 218 219 
285 2 3 1134 1135 1136 
286 2 1 1002 
287 2 3 1072 1073 1074 
288 2 3 930 931 932 
289 2 3 1022 1023 1024 
290 2 2 760 761 
291 2 3 848 849 850 
292 2 2 579 580 
293 2 3 123 124 125 
294 2 3 120 121 122 
295 2 3 891 892 893 
296 2 3 1167 1168 1169 
297 2 2 229 230 
298 2 3 226 227 228 
299 2 3 109 110 111 
300 2 2 909 910 
301 2 1 981 
302 2 3 871 872 873 
303 2 2 742 743 
304 2 2 1143 1144 
305 2 3 129 130 131 
306 2 3 106 107 108 
307 2 1 769 
308 2 3 770 771 772 
309 2 1 700 
310 2 3 635 636 637 
311 2 3 453 454 455 
312 2 1 974 
313 2 3 1067 1068 1069 
314 2 3 456 457 458 
315 2 2 789 790 
316 2 3 922 923 924 
317 2 2 624 625 
318 2 2 132 133 
319 2 1 632 
320 2 3 223 224 225 
321 2 3 558 559 560 
322 2 3 1160 1161 1162 
323 2 3 136 137 138 
324 2 3 303 304 305 
325 2 1 396 
326 2 1 470 
327 2 3 271 272 273 
328 2 2 212 213 
329 2 3 1008 1009 1010 
330 2 3 719 720 721 
331 2 1 596 
332 2 3 154 155 156 
333 2 3 961 962 963 
334 2 3 478 479 480 
335 2 1 1032 
336 2 3 426 427 428 
337 2 2 964 965 
338 2 3 662 663 664 
339 2 2 182 183 
340 2 2 1176 1177 
341 2 3 851 852 853 
342 2 1 936 
343 2 1 1007 
344 2 3 1137 1138 1139 
345 2 2 1041 1042 
346 2 3 417 418 419 
347 2 3 1183 1184 1185 
348 2 3 1019 1020 1021 
349 2 2 913 914 
350 2 3 754 755 756 
351 2 2 587 588 
352 2 1 595 
353 2 2 717 718 
354 2 2 911 912 
355 2 2 894 895 
356 2 3 256 257 258 
357 2 2 75 76 
358 2 3 21 22 23 
359 2 3 97 98 99 
360 2 3 291 292 293 
361 2 3 61 62 63 
362 2 1 656 
363 2 3 966 967 968 
364 2 2 210 211 
365 2 3 1099 1100 1101 
366 2 1 578 
367 2 3 461 462 463 
368 2 1 464 
369 2 1 465 
370 2 1 142 
371 2 1 143 
372 2 3 160 161 162 
373 2 2 531 532 
374 2 2 554 555 
375 2 3 642 643 644 
376 2 3 297 298 299 
377 2 3 391 392 393 
378 2 3 471 472 473 
379 2 3 507 508 509 
380 2 3 683 684 685 
381 2 2 781 782 
382 2 1 825 
383 2 1 360 
384 2 3 1180 1181 1182 
385 2 1 530 
386 2 3 826 827 828 
387 2 1 239 
388 2 3 294 295 296 
389 2 1 510 
390 2 3 609 610 611 
391 2 2 607 608 
392 2 1 511 
393 2 2 401 402 
394 2 3 322 323 324 
395 2 3 343 344 345 
396 2 1 547 
397 2 3 274 275 276 
398 2 2 627 628 
399 2 2 821 822 
400 2 3 1038 1039 1040 
401 2 1 1066 
402 2 2 905 906 
403 2 3 952 953 954 
404 2 3 816 817 818 
405 2 1 589 
406 2 3 198 199 200 
407 2 3 195 196 197 
408 2 3 201 202 203 
409 2 3 207 208 209 
410 2 3 319 320 321 
411 2 3 16 17 18 
412 2 3 88 89 90 
413 2 3 214 215 216 
414 2 2 564 565 
415 2 3 925 926 927 
416 2 3 880 881 882 
417 2 3 975 976 977 
418 2 1 796 
419 2 3 786 787 788 
420 2 2 829 830 
421 2 1 655 
422 2 3 220 221 222 
423 2 1 712 
424 2 1 727 
425 2 1 766 
426 2 2 603 604 
427 2 3 722 723 724 
428 2 3 978 979 980 
429 2 3 1119 1120 1121 
430 2 3 990 991 992 
431 2 2 823 824 
432 2 3 798 799 800 
433 2 3 1113 1114 1115 
434 2 1 287 
435 2 3 533 534 535 
436 2 3 1170 1171 1172 
437 2 2 1015 1016 
438 2 3 77 78 79 
439 2 2 37 38 
440 2 3 184 185 186 
441 2 3 1164 1165 1166 
442 2 2 734 735 
443 2 3 751 752 753 
444 2 3 1140 1141 1142 
445 2 3 1116 1117 1118 
446 2 1 1163 
447 2 2 1095 1096 
448 2 2 394 395 
449 2 3 791 792 793 
450 2 3 265 266 267 
451 2 2 190 191 
452 2 1 445 
453 2 3 517 518 519 
454 2 3 163 164 165 
455 2 3 917 918 919 
456 2 3 117 118 119 
457 2 1 567 
458 2 3 744 745 746 
459 2 3 958 959 960 
460 2 1 1025 
461 2 2 633 634 
462 2 3 145 146 147 
463 2 2 907 908 
464 2 3 240 241 242 
465 2 3 251 252 253 
466 2 3 1186 1187 1188 
467 2 1 602 
468 2 2 613 614 
469 2 2 502 503 
470 2 3 338 339 340 
471 2 3 326 327 328 
472 2 1 645 
473 2 2 0 1 
474 2 3 1054 1055 1056 
475 2 3 629 630 631 
476 2 3 1057 1058 1059 
477 2 3 1051 1052 1053 
478 2 3 993 994 995 
479 2 1 626 
480 2 1 337 
481 2 2 311 312 
482 2 1 831 
483 2 2 552 553 
484 2 3 316 317 318 
485 2 3 730 731 732 
486 2 1 686 
487 2 1 516 
488 2 1 582 
489 2 3 288 289 290 
490 2 3 548 549 550 
491 2 3 813 814 815 
492 2 1 420 
493 2 1 512 
494 2 1 513 
495 2 3 877 878 879 
496 2 3 398 399 400 
497 2 2 134 135 
498 2 3 1075 1076 1077 
499 2 1 144 
500 2 2 660 661 
501 2 3 446 447 448 
502 2 3 157 158 159 
>>>>>>> 0514ea9fae0f841576757defb02235a9189b0fad
