<<<<<<< HEAD
Sector ID, Channel separation constraint, Number of TRXs, List of TRX IDs
9 3 1 0 
10 3 1 1 
11 3 1 2 
12 3 1 3 
13 3 1 4 
14 3 1 5 
15 3 1 6 
16 3 1 7 
17 3 1 8 
18 3 1 9 
19 3 1 10 
20 3 1 11 
21 3 1 12 
22 3 1 13 
23 3 1 14 
24 3 1 15 
25 3 1 16 
26 3 1 17 
27 3 1 18 
28 3 1 19 
29 3 1 20 
61 3 1 21 
62 3 1 22 
63 3 1 23 
64 3 1 24 
65 3 1 25 
66 3 1 26 
67 3 1 27 
68 3 1 28 
69 3 1 29 
70 3 1 30 
71 3 1 31 
72 3 1 32 
73 3 1 33 
74 3 1 34 
75 3 1 35 
76 3 1 36 
77 3 1 37 
78 3 1 38 
79 3 1 39 
80 3 1 40 
81 3 1 41 
82 3 1 42 
83 3 1 43 
84 3 1 44 
85 3 1 45 
86 3 1 46 
87 3 1 47 
88 3 1 48 
89 3 1 49 
90 3 1 50 
91 3 1 51 
92 3 1 52 
93 3 1 53 
94 3 1 54 
95 3 1 55 
96 3 1 56 
97 3 1 57 
98 3 1 58 
99 3 1 59 
100 3 1 60 
101 3 1 61 
102 3 1 62 
103 3 1 63 
104 3 1 64 
105 3 1 65 
106 3 1 66 
107 3 1 67 
108 3 1 68 
132 3 1 69 
133 3 1 70 
134 3 1 71 
135 3 1 72 
136 3 1 73 
137 3 1 74 
138 3 1 75 
139 3 1 76 
140 3 1 77 
141 3 1 78 
142 3 1 79 
143 3 1 80 
144 3 1 81 
232 3 1 82 
233 3 1 83 
234 3 1 84 
291 3 1 85 
292 3 1 86 
293 3 1 87 
294 3 1 88 
295 3 1 89 
296 3 1 90 
297 3 1 91 
298 3 1 92 
299 3 1 93 
300 3 1 94 
301 3 1 95 
302 3 1 96 
303 3 1 97 
304 3 1 98 
305 3 1 99 
306 3 1 100 
307 3 1 101 
308 3 1 102 
309 3 1 103 
310 3 1 104 
311 3 1 105 
312 3 1 106 
313 3 1 107 
314 3 1 108 
315 3 1 109 
316 3 1 110 
317 3 1 111 
318 3 1 112 
319 3 1 113 
320 3 1 114 
321 3 1 115 
322 3 1 116 
323 3 1 117 
324 3 1 118 
325 3 1 119 
326 3 1 120 
327 3 1 121 
328 3 1 122 
329 3 1 123 
330 3 1 124 
331 3 1 125 
332 3 1 126 
333 3 1 127 
334 3 1 128 
335 3 1 129 
336 3 1 130 
337 3 1 131 
338 3 1 132 
339 3 1 133 
340 3 1 134 
341 3 1 135 
342 3 1 136 
343 3 1 137 
344 3 1 138 
345 3 1 139 
346 3 1 140 
347 3 1 141 
348 3 1 142 
349 3 1 143 
350 3 1 144 
351 3 1 145 
352 3 1 146 
353 3 1 147 
354 3 1 148 
355 3 1 149 
356 3 1 150 
357 3 1 151 
358 3 1 152 
359 3 1 153 
360 3 1 154 
361 3 1 155 
362 3 1 156 
363 3 1 157 
364 3 1 158 
365 3 1 159 
366 3 1 160 
367 3 1 161 
368 3 1 162 
369 3 1 163 
370 3 1 164 
371 3 1 165 
372 3 1 166 
373 3 1 167 
374 3 1 168 
375 3 1 169 
376 3 1 170 
377 3 1 171 
378 3 1 172 
379 3 1 173 
380 3 1 174 
381 3 1 175 
382 3 1 176 
383 3 1 177 
384 3 1 178 
385 3 1 179 
386 3 1 180 
387 3 1 181 
388 3 1 182 
389 3 1 183 
390 3 1 184 
391 3 1 185 
392 3 1 186 
393 3 1 187 
394 3 1 188 
395 3 1 189 
396 3 1 190 
397 3 1 191 
398 3 1 192 
399 3 1 193 
400 3 1 194 
401 3 1 195 
402 3 1 196 
403 3 1 197 
404 3 1 198 
405 3 1 199 
406 3 1 200 
407 3 1 201 
408 3 1 202 
409 3 1 203 
410 3 1 204 
411 3 1 205 
412 3 1 206 
413 3 1 207 
414 3 1 208 
415 3 1 209 
416 3 1 210 
417 3 1 211 
418 3 1 212 
419 3 1 213 
420 3 1 214 
421 3 1 215 
422 3 1 216 
423 3 1 217 
424 3 1 218 
425 3 1 219 
426 3 1 220 
427 3 1 221 
428 3 1 222 
429 3 1 223 
430 3 1 224 
431 3 1 225 
432 3 1 226 
433 3 1 227 
434 3 1 228 
435 3 1 229 
436 3 1 230 
437 3 1 231 
438 3 1 232 
439 3 1 233 
440 3 1 234 
441 3 1 235 
442 3 1 236 
443 3 1 237 
444 3 1 238 
445 3 1 239 
446 3 1 240 
447 3 1 241 
448 3 1 242 
449 3 1 243 
450 3 1 244 
451 3 1 245 
452 3 1 246 
453 3 1 247 
454 3 1 248 
455 3 1 249 
456 3 1 250 
457 3 1 251 
458 3 1 252 
459 3 1 253 
460 3 1 254 
461 3 1 255 
462 3 1 256 
463 3 1 257 
464 3 1 258 
465 3 1 259 
466 3 1 260 
467 3 1 261 
468 3 1 262 
469 3 1 263 
470 3 1 264 
471 3 1 265 
472 3 1 266 
473 3 1 267 
474 3 1 268 
475 3 1 269 
476 3 1 270 
477 3 1 271 
478 3 1 272 
479 3 1 273 
480 3 1 274 
481 3 1 275 
482 3 1 276 
483 3 1 277 
484 3 1 278 
485 3 1 279 
486 3 1 280 
487 3 1 281 
488 3 1 282 
489 3 1 283 
490 3 1 284 
491 3 1 285 
492 3 1 286 
493 3 1 287 
494 3 1 288 
495 3 1 289 
496 3 1 290 
497 3 1 291 
498 3 1 292 
499 3 1 293 
500 3 1 294 
501 3 1 295 
502 3 1 296 
503 3 1 297 
504 3 1 298 
505 3 1 299 
506 3 1 300 
507 3 1 301 
508 3 1 302 
509 3 1 303 
510 3 1 304 
511 3 1 305 
512 3 1 306 
513 3 1 307 
514 3 1 308 
515 3 1 309 
516 3 1 310 
517 3 1 311 
518 3 1 312 
519 3 1 313 
520 3 1 314 
521 3 1 315 
522 3 1 316 
523 3 1 317 
524 3 1 318 
525 3 1 319 
526 3 1 320 
527 3 1 321 
528 3 1 322 
529 3 1 323 
530 3 1 324 
531 3 1 325 
532 3 1 326 
533 3 1 327 
534 3 1 328 
535 3 1 329 
536 3 1 330 
537 3 1 331 
538 3 1 332 
539 3 1 333 
540 3 1 334 
541 3 1 335 
542 3 1 336 
543 3 1 337 
544 3 1 338 
545 3 1 339 
546 3 1 340 
547 3 1 341 
548 3 1 342 
549 3 1 343 
550 3 1 344 
551 3 1 345 
552 3 1 346 
553 3 1 347 
554 3 1 348 
555 3 1 349 
556 3 1 350 
557 3 1 351 
558 3 1 352 
559 3 1 353 
560 3 1 354 
561 3 1 355 
562 3 1 356 
563 3 1 357 
564 3 1 358 
565 3 1 359 
566 3 1 360 
567 3 1 361 
568 3 1 362 
569 3 1 363 
570 3 1 364 
571 3 1 365 
572 3 1 366 
573 3 1 367 
574 3 1 368 
575 3 1 369 
576 3 1 370 
577 3 1 371 
578 3 1 372 
579 3 1 373 
580 3 1 374 
581 3 1 375 
582 3 1 376 
583 3 1 377 
584 3 1 378 
585 3 1 379 
586 3 1 380 
587 3 1 381 
588 3 1 382 
589 3 1 383 
590 3 1 384 
591 3 1 385 
592 3 1 386 
593 3 1 387 
594 3 1 388 
595 3 1 389 
596 3 1 390 
597 3 1 391 
598 3 1 392 
599 3 1 393 
600 3 1 394 
601 3 1 395 
602 3 1 396 
603 3 1 397 
604 3 1 398 
605 3 1 399 
606 3 1 400 
607 3 1 401 
608 3 1 402 
609 3 1 403 
610 3 1 404 
611 3 1 405 
612 3 1 406 
613 3 1 407 
614 3 1 408 
615 3 1 409 
616 3 1 410 
617 3 1 411 
618 3 1 412 
619 3 1 413 
620 3 1 414 
621 3 1 415 
622 3 1 416 
623 3 1 417 
624 3 1 418 
625 3 1 419 
626 3 1 420 
627 3 1 421 
628 3 1 422 
629 3 1 423 
630 3 1 424 
631 3 1 425 
632 3 1 426 
633 3 1 427 
634 3 1 428 
635 3 1 429 
636 3 1 430 
637 3 1 431 
638 3 1 432 
639 3 1 433 
640 3 1 434 
641 3 1 435 
642 3 1 436 
643 3 1 437 
644 3 1 438 
645 3 1 439 
646 3 1 440 
647 3 1 441 
648 3 1 442 
649 3 1 443 
650 3 1 444 
651 3 1 445 
652 3 1 446 
653 3 1 447 
654 3 1 448 
655 3 1 449 
656 3 1 450 
657 3 1 451 
658 3 1 452 
659 3 1 453 
660 3 1 454 
661 3 1 455 
662 3 1 456 
663 3 1 457 
664 3 1 458 
665 3 1 459 
666 3 1 460 
667 3 1 461 
668 3 1 462 
669 3 1 463 
670 3 1 464 
671 3 1 465 
672 3 1 466 
673 3 1 467 
674 3 1 468 
675 3 1 469 
676 3 1 470 
677 3 1 471 
678 3 1 472 
679 3 1 473 
680 3 1 474 
681 3 1 475 
682 3 1 476 
683 3 1 477 
684 3 1 478 
685 3 1 479 
686 3 1 480 
687 3 1 481 
688 3 1 482 
689 3 1 483 
690 3 1 484 
691 3 1 485 
692 3 1 486 
693 3 1 487 
694 3 1 488 
695 3 1 489 
696 3 1 490 
697 3 1 491 
698 3 1 492 
699 3 1 493 
700 3 1 494 
701 3 1 495 
702 3 1 496 
703 3 1 497 
704 3 1 498 
705 3 1 499 
706 3 1 500 
707 3 1 501 
708 3 1 502 
709 3 1 503 
710 3 1 504 
711 3 1 505 
712 3 1 506 
713 3 1 507 
714 3 1 508 
715 3 1 509 
716 3 1 510 
717 3 1 511 
718 3 1 512 
719 3 1 513 
720 3 1 514 
721 3 1 515 
722 3 1 516 
723 3 1 517 
724 3 1 518 
725 3 1 519 
726 3 1 520 
727 3 1 521 
728 3 1 522 
729 3 1 523 
730 3 1 524 
731 3 1 525 
732 3 1 526 
733 3 1 527 
734 3 1 528 
735 3 1 529 
736 3 1 530 
737 3 1 531 
738 3 1 532 
739 3 1 533 
740 3 1 534 
741 3 1 535 
742 3 1 536 
743 3 1 537 
744 3 1 538 
745 3 1 539 
746 3 1 540 
747 3 1 541 
748 3 1 542 
749 3 1 543 
750 3 1 544 
751 3 1 545 
752 3 1 546 
753 3 1 547 
754 3 1 548 
755 3 1 549 
756 3 1 550 
757 3 1 551 
758 3 1 552 
759 3 1 553 
760 3 1 554 
761 3 1 555 
762 3 1 556 
763 3 1 557 
764 3 1 558 
765 3 1 559 
766 3 1 560 
767 3 1 561 
768 3 1 562 
769 3 1 563 
770 3 1 564 
771 3 1 565 
772 3 1 566 
773 3 1 567 
774 3 1 568 
775 3 1 569 
776 3 1 570 
777 3 1 571 
778 3 1 572 
779 3 1 573 
780 3 1 574 
781 3 1 575 
782 3 1 576 
783 3 1 577 
784 3 1 578 
785 3 1 579 
786 3 1 580 
787 3 1 581 
788 3 1 582 
789 3 1 583 
790 3 1 584 
791 3 1 585 
792 3 1 586 
793 3 1 587 
794 3 1 588 
795 3 1 589 
796 3 1 590 
797 3 1 591 
798 3 1 592 
799 3 1 593 
800 3 1 594 
801 3 1 595 
802 3 1 596 
803 3 1 597 
804 3 1 598 
805 3 1 599 
806 3 1 600 
807 3 1 601 
808 3 1 602 
809 3 1 603 
810 3 1 604 
811 3 1 605 
812 3 1 606 
813 3 1 607 
814 3 1 608 
815 3 1 609 
816 3 1 610 
817 3 1 611 
818 3 1 612 
819 3 1 613 
820 3 1 614 
821 3 1 615 
822 3 1 616 
823 3 1 617 
824 3 1 618 
825 3 1 619 
826 3 1 620 
827 3 1 621 
828 3 1 622 
829 3 1 623 
830 3 1 624 
831 3 1 625 
832 3 1 626 
833 3 1 627 
834 3 1 628 
835 3 1 629 
836 3 1 630 
837 3 1 631 
838 3 1 632 
839 3 1 633 
843 3 1 634 
844 3 1 635 
845 3 1 636 
846 3 1 637 
847 3 1 638 
848 3 1 639 
849 3 1 640 
850 3 1 641 
851 3 1 642 
852 3 1 643 
853 3 1 644 
854 3 1 645 
855 3 1 646 
856 3 1 647 
857 3 1 648 
858 3 1 649 
859 3 1 650 
860 3 1 651 
861 3 1 652 
862 3 1 653 
863 3 1 654 
864 3 1 655 
865 3 1 656 
866 3 1 657 
867 3 1 658 
868 3 1 659 
869 3 1 660 
870 3 1 661 
871 3 1 662 
872 3 1 663 
873 3 1 664 
874 3 1 665 
875 3 1 666 
876 3 1 667 
877 3 1 668 
878 3 1 669 
879 3 1 670 
880 3 1 671 
881 3 1 672 
882 3 1 673 
883 3 1 674 
884 3 1 675 
888 3 1 676 
889 3 1 677 
890 3 1 678 
891 3 1 679 
892 3 1 680 
893 3 1 681 
896 3 1 682 
897 3 1 683 
898 3 1 684 
899 3 1 685 
900 3 1 686 
901 3 1 687 
902 3 1 688 
903 3 1 689 
904 3 1 690 
905 3 1 691 
906 3 1 692 
907 3 1 693 
908 3 1 694 
909 3 1 695 
910 3 1 696 
911 3 1 697 
912 3 1 698 
913 3 1 699 
914 3 1 700 
915 3 1 701 
916 3 1 702 
917 3 1 703 
918 3 1 704 
919 3 1 705 
920 3 1 706 
921 3 1 707 
922 3 1 708 
923 3 1 709 
924 3 1 710 
928 3 1 711 
929 3 1 712 
930 3 1 713 
931 3 1 714 
932 3 1 715 
933 3 1 716 
934 3 1 717 
935 3 1 718 
936 3 1 719 
937 3 1 720 
938 3 1 721 
939 3 1 722 
940 3 1 723 
941 3 1 724 
942 3 1 725 
943 3 1 726 
944 3 1 727 
945 3 1 728 
946 3 1 729 
947 3 1 730 
948 3 1 731 
949 3 1 732 
950 3 1 733 
951 3 1 734 
952 3 1 735 
953 3 1 736 
954 3 1 737 
955 3 1 738 
956 3 1 739 
957 3 1 740 
958 3 1 741 
959 3 1 742 
960 3 1 743 
961 3 1 744 
962 3 1 745 
963 3 1 746 
966 3 1 747 
967 3 1 748 
968 3 1 749 
969 3 1 750 
970 3 1 751 
971 3 1 752 
972 3 1 753 
973 3 1 754 
974 3 1 755 
975 3 1 756 
976 3 1 757 
977 3 1 758 
978 3 1 759 
979 3 1 760 
980 3 1 761 
981 3 1 762 
982 3 1 763 
983 3 1 764 
984 3 1 765 
985 3 1 766 
986 3 1 767 
987 3 1 768 
988 3 1 769 
989 3 1 770 
990 3 1 771 
991 3 1 772 
992 3 1 773 
993 3 1 774 
994 3 1 775 
995 3 1 776 
996 3 1 777 
997 3 1 778 
998 3 1 779 
999 3 1 780 
1000 3 1 781 
1001 3 1 782 
1002 3 1 783 
1003 3 1 784 
1004 3 1 785 
1005 3 1 786 
1006 3 1 787 
1007 3 1 788 
1008 3 1 789 
1009 3 1 790 
1010 3 1 791 
1011 3 1 792 
1012 3 1 793 
1013 3 1 794 
1014 3 1 795 
1015 3 1 796 
1016 3 1 797 
1017 3 1 798 
1018 3 1 799 
1019 3 1 800 
1020 3 1 801 
1021 3 1 802 
1022 3 1 803 
1023 3 1 804 
1024 3 1 805 
1025 3 1 806 
1026 3 1 807 
1027 3 1 808 
1028 3 1 809 
1029 3 1 810 
1030 3 1 811 
1031 3 1 812 
1032 3 1 813 
1033 3 1 814 
1034 3 1 815 
1035 3 1 816 
1036 3 1 817 
1037 3 1 818 
1038 3 1 819 
1039 3 1 820 
1040 3 1 821 
1041 3 1 822 
1042 3 1 823 
1043 3 1 824 
1044 3 1 825 
1045 3 1 826 
1046 3 1 827 
1047 3 1 828 
1048 3 1 829 
1049 3 1 830 
1050 3 1 831 
1051 3 1 832 
1052 3 1 833 
1053 3 1 834 
1054 3 1 835 
1055 3 1 836 
1056 3 1 837 
1057 3 1 838 
1058 3 1 839 
1059 3 1 840 
1060 3 1 841 
1061 3 1 842 
1062 3 1 843 
1063 3 1 844 
1064 3 1 845 
1065 3 1 846 
1066 3 1 847 
1067 3 1 848 
1068 3 1 849 
1069 3 1 850 
1070 3 1 851 
1071 3 1 852 
1072 3 1 853 
1073 3 1 854 
1074 3 1 855 
1075 3 1 856 
1076 3 1 857 
1077 3 1 858 
1078 3 1 859 
1079 3 1 860 
1080 3 1 861 
1081 3 1 862 
1082 3 1 863 
1083 3 1 864 
1084 3 1 865 
1085 3 1 866 
1086 3 1 867 
1087 3 1 868 
1088 3 1 869 
1089 3 1 870 
1090 3 1 871 
1091 3 1 872 
1092 3 1 873 
1093 3 1 874 
1094 3 1 875 
1095 3 1 876 
1096 3 1 877 
1097 3 1 878 
1098 3 1 879 
1099 3 1 880 
1100 3 1 881 
1101 3 1 882 
1102 3 1 883 
1103 3 1 884 
1104 3 1 885 
1105 3 1 886 
1106 3 1 887 
1107 3 1 888 
1108 3 1 889 
1109 3 1 890 
1110 3 1 891 
1111 3 1 892 
1112 3 1 893 
1113 3 1 894 
1114 3 1 895 
1115 3 1 896 
1116 3 1 897 
1117 3 1 898 
1118 3 1 899 
1119 3 1 900 
1120 3 1 901 
1121 3 1 902 
1122 3 1 903 
1123 3 1 904 
1124 3 1 905 
1125 3 1 906 
1126 3 1 907 
1127 3 1 908 
1128 3 1 909 
1129 3 1 910 
1130 3 1 911 
1131 3 1 912 
1132 3 1 913 
1133 3 1 914 
1134 3 1 915 
1135 3 1 916 
1136 3 1 917 
1137 3 1 918 
1138 3 1 919 
1139 3 1 920 
1140 3 1 921 
1141 3 1 922 
1142 3 1 923 
1143 3 1 924 
1144 3 1 925 
1145 3 1 926 
1146 3 1 927 
1147 3 1 928 
1148 3 1 929 
1149 3 1 930 
1150 3 1 931 
1151 3 1 932 
1152 3 1 933 
1153 3 1 934 
1154 3 1 935 
1155 3 1 936 
1156 3 1 937 
1157 3 1 938 
1158 3 1 939 
1159 3 1 940 
1160 3 1 941 
1161 3 1 942 
1162 3 1 943 
1163 3 1 944 
1164 3 1 945 
1165 3 1 946 
1166 3 1 947 
1167 3 1 948 
1168 3 1 949 
1169 3 1 950 
1170 3 1 951 
1171 3 1 952 
1172 3 1 953 
1173 3 1 954 
1174 3 1 955 
1175 3 1 956 
1176 3 1 957 
1177 3 1 958 
1178 3 1 959 
1179 3 1 960 
1180 3 1 961 
1181 3 1 962 
1182 3 1 963 
1183 3 1 964 
1184 3 1 965 
1185 3 1 966 
1186 3 1 967 
1187 3 1 968 
1188 3 1 969 
=======
Sector ID, Channel separation constraint, Number of TRXs, List of TRX IDs
9 3 1 0 
10 3 1 1 
11 3 1 2 
12 3 1 3 
13 3 1 4 
14 3 1 5 
15 3 1 6 
16 3 1 7 
17 3 1 8 
18 3 1 9 
19 3 1 10 
20 3 1 11 
21 3 1 12 
22 3 1 13 
23 3 1 14 
24 3 1 15 
25 3 1 16 
26 3 1 17 
27 3 1 18 
28 3 1 19 
29 3 1 20 
61 3 1 21 
62 3 1 22 
63 3 1 23 
64 3 1 24 
65 3 1 25 
66 3 1 26 
67 3 1 27 
68 3 1 28 
69 3 1 29 
70 3 1 30 
71 3 1 31 
72 3 1 32 
73 3 1 33 
74 3 1 34 
75 3 1 35 
76 3 1 36 
77 3 1 37 
78 3 1 38 
79 3 1 39 
80 3 1 40 
81 3 1 41 
82 3 1 42 
83 3 1 43 
84 3 1 44 
85 3 1 45 
86 3 1 46 
87 3 1 47 
88 3 1 48 
89 3 1 49 
90 3 1 50 
91 3 1 51 
92 3 1 52 
93 3 1 53 
94 3 1 54 
95 3 1 55 
96 3 1 56 
97 3 1 57 
98 3 1 58 
99 3 1 59 
100 3 1 60 
101 3 1 61 
102 3 1 62 
103 3 1 63 
104 3 1 64 
105 3 1 65 
106 3 1 66 
107 3 1 67 
108 3 1 68 
132 3 1 69 
133 3 1 70 
134 3 1 71 
135 3 1 72 
136 3 1 73 
137 3 1 74 
138 3 1 75 
139 3 1 76 
140 3 1 77 
141 3 1 78 
142 3 1 79 
143 3 1 80 
144 3 1 81 
232 3 1 82 
233 3 1 83 
234 3 1 84 
291 3 1 85 
292 3 1 86 
293 3 1 87 
294 3 1 88 
295 3 1 89 
296 3 1 90 
297 3 1 91 
298 3 1 92 
299 3 1 93 
300 3 1 94 
301 3 1 95 
302 3 1 96 
303 3 1 97 
304 3 1 98 
305 3 1 99 
306 3 1 100 
307 3 1 101 
308 3 1 102 
309 3 1 103 
310 3 1 104 
311 3 1 105 
312 3 1 106 
313 3 1 107 
314 3 1 108 
315 3 1 109 
316 3 1 110 
317 3 1 111 
318 3 1 112 
319 3 1 113 
320 3 1 114 
321 3 1 115 
322 3 1 116 
323 3 1 117 
324 3 1 118 
325 3 1 119 
326 3 1 120 
327 3 1 121 
328 3 1 122 
329 3 1 123 
330 3 1 124 
331 3 1 125 
332 3 1 126 
333 3 1 127 
334 3 1 128 
335 3 1 129 
336 3 1 130 
337 3 1 131 
338 3 1 132 
339 3 1 133 
340 3 1 134 
341 3 1 135 
342 3 1 136 
343 3 1 137 
344 3 1 138 
345 3 1 139 
346 3 1 140 
347 3 1 141 
348 3 1 142 
349 3 1 143 
350 3 1 144 
351 3 1 145 
352 3 1 146 
353 3 1 147 
354 3 1 148 
355 3 1 149 
356 3 1 150 
357 3 1 151 
358 3 1 152 
359 3 1 153 
360 3 1 154 
361 3 1 155 
362 3 1 156 
363 3 1 157 
364 3 1 158 
365 3 1 159 
366 3 1 160 
367 3 1 161 
368 3 1 162 
369 3 1 163 
370 3 1 164 
371 3 1 165 
372 3 1 166 
373 3 1 167 
374 3 1 168 
375 3 1 169 
376 3 1 170 
377 3 1 171 
378 3 1 172 
379 3 1 173 
380 3 1 174 
381 3 1 175 
382 3 1 176 
383 3 1 177 
384 3 1 178 
385 3 1 179 
386 3 1 180 
387 3 1 181 
388 3 1 182 
389 3 1 183 
390 3 1 184 
391 3 1 185 
392 3 1 186 
393 3 1 187 
394 3 1 188 
395 3 1 189 
396 3 1 190 
397 3 1 191 
398 3 1 192 
399 3 1 193 
400 3 1 194 
401 3 1 195 
402 3 1 196 
403 3 1 197 
404 3 1 198 
405 3 1 199 
406 3 1 200 
407 3 1 201 
408 3 1 202 
409 3 1 203 
410 3 1 204 
411 3 1 205 
412 3 1 206 
413 3 1 207 
414 3 1 208 
415 3 1 209 
416 3 1 210 
417 3 1 211 
418 3 1 212 
419 3 1 213 
420 3 1 214 
421 3 1 215 
422 3 1 216 
423 3 1 217 
424 3 1 218 
425 3 1 219 
426 3 1 220 
427 3 1 221 
428 3 1 222 
429 3 1 223 
430 3 1 224 
431 3 1 225 
432 3 1 226 
433 3 1 227 
434 3 1 228 
435 3 1 229 
436 3 1 230 
437 3 1 231 
438 3 1 232 
439 3 1 233 
440 3 1 234 
441 3 1 235 
442 3 1 236 
443 3 1 237 
444 3 1 238 
445 3 1 239 
446 3 1 240 
447 3 1 241 
448 3 1 242 
449 3 1 243 
450 3 1 244 
451 3 1 245 
452 3 1 246 
453 3 1 247 
454 3 1 248 
455 3 1 249 
456 3 1 250 
457 3 1 251 
458 3 1 252 
459 3 1 253 
460 3 1 254 
461 3 1 255 
462 3 1 256 
463 3 1 257 
464 3 1 258 
465 3 1 259 
466 3 1 260 
467 3 1 261 
468 3 1 262 
469 3 1 263 
470 3 1 264 
471 3 1 265 
472 3 1 266 
473 3 1 267 
474 3 1 268 
475 3 1 269 
476 3 1 270 
477 3 1 271 
478 3 1 272 
479 3 1 273 
480 3 1 274 
481 3 1 275 
482 3 1 276 
483 3 1 277 
484 3 1 278 
485 3 1 279 
486 3 1 280 
487 3 1 281 
488 3 1 282 
489 3 1 283 
490 3 1 284 
491 3 1 285 
492 3 1 286 
493 3 1 287 
494 3 1 288 
495 3 1 289 
496 3 1 290 
497 3 1 291 
498 3 1 292 
499 3 1 293 
500 3 1 294 
501 3 1 295 
502 3 1 296 
503 3 1 297 
504 3 1 298 
505 3 1 299 
506 3 1 300 
507 3 1 301 
508 3 1 302 
509 3 1 303 
510 3 1 304 
511 3 1 305 
512 3 1 306 
513 3 1 307 
514 3 1 308 
515 3 1 309 
516 3 1 310 
517 3 1 311 
518 3 1 312 
519 3 1 313 
520 3 1 314 
521 3 1 315 
522 3 1 316 
523 3 1 317 
524 3 1 318 
525 3 1 319 
526 3 1 320 
527 3 1 321 
528 3 1 322 
529 3 1 323 
530 3 1 324 
531 3 1 325 
532 3 1 326 
533 3 1 327 
534 3 1 328 
535 3 1 329 
536 3 1 330 
537 3 1 331 
538 3 1 332 
539 3 1 333 
540 3 1 334 
541 3 1 335 
542 3 1 336 
543 3 1 337 
544 3 1 338 
545 3 1 339 
546 3 1 340 
547 3 1 341 
548 3 1 342 
549 3 1 343 
550 3 1 344 
551 3 1 345 
552 3 1 346 
553 3 1 347 
554 3 1 348 
555 3 1 349 
556 3 1 350 
557 3 1 351 
558 3 1 352 
559 3 1 353 
560 3 1 354 
561 3 1 355 
562 3 1 356 
563 3 1 357 
564 3 1 358 
565 3 1 359 
566 3 1 360 
567 3 1 361 
568 3 1 362 
569 3 1 363 
570 3 1 364 
571 3 1 365 
572 3 1 366 
573 3 1 367 
574 3 1 368 
575 3 1 369 
576 3 1 370 
577 3 1 371 
578 3 1 372 
579 3 1 373 
580 3 1 374 
581 3 1 375 
582 3 1 376 
583 3 1 377 
584 3 1 378 
585 3 1 379 
586 3 1 380 
587 3 1 381 
588 3 1 382 
589 3 1 383 
590 3 1 384 
591 3 1 385 
592 3 1 386 
593 3 1 387 
594 3 1 388 
595 3 1 389 
596 3 1 390 
597 3 1 391 
598 3 1 392 
599 3 1 393 
600 3 1 394 
601 3 1 395 
602 3 1 396 
603 3 1 397 
604 3 1 398 
605 3 1 399 
606 3 1 400 
607 3 1 401 
608 3 1 402 
609 3 1 403 
610 3 1 404 
611 3 1 405 
612 3 1 406 
613 3 1 407 
614 3 1 408 
615 3 1 409 
616 3 1 410 
617 3 1 411 
618 3 1 412 
619 3 1 413 
620 3 1 414 
621 3 1 415 
622 3 1 416 
623 3 1 417 
624 3 1 418 
625 3 1 419 
626 3 1 420 
627 3 1 421 
628 3 1 422 
629 3 1 423 
630 3 1 424 
631 3 1 425 
632 3 1 426 
633 3 1 427 
634 3 1 428 
635 3 1 429 
636 3 1 430 
637 3 1 431 
638 3 1 432 
639 3 1 433 
640 3 1 434 
641 3 1 435 
642 3 1 436 
643 3 1 437 
644 3 1 438 
645 3 1 439 
646 3 1 440 
647 3 1 441 
648 3 1 442 
649 3 1 443 
650 3 1 444 
651 3 1 445 
652 3 1 446 
653 3 1 447 
654 3 1 448 
655 3 1 449 
656 3 1 450 
657 3 1 451 
658 3 1 452 
659 3 1 453 
660 3 1 454 
661 3 1 455 
662 3 1 456 
663 3 1 457 
664 3 1 458 
665 3 1 459 
666 3 1 460 
667 3 1 461 
668 3 1 462 
669 3 1 463 
670 3 1 464 
671 3 1 465 
672 3 1 466 
673 3 1 467 
674 3 1 468 
675 3 1 469 
676 3 1 470 
677 3 1 471 
678 3 1 472 
679 3 1 473 
680 3 1 474 
681 3 1 475 
682 3 1 476 
683 3 1 477 
684 3 1 478 
685 3 1 479 
686 3 1 480 
687 3 1 481 
688 3 1 482 
689 3 1 483 
690 3 1 484 
691 3 1 485 
692 3 1 486 
693 3 1 487 
694 3 1 488 
695 3 1 489 
696 3 1 490 
697 3 1 491 
698 3 1 492 
699 3 1 493 
700 3 1 494 
701 3 1 495 
702 3 1 496 
703 3 1 497 
704 3 1 498 
705 3 1 499 
706 3 1 500 
707 3 1 501 
708 3 1 502 
709 3 1 503 
710 3 1 504 
711 3 1 505 
712 3 1 506 
713 3 1 507 
714 3 1 508 
715 3 1 509 
716 3 1 510 
717 3 1 511 
718 3 1 512 
719 3 1 513 
720 3 1 514 
721 3 1 515 
722 3 1 516 
723 3 1 517 
724 3 1 518 
725 3 1 519 
726 3 1 520 
727 3 1 521 
728 3 1 522 
729 3 1 523 
730 3 1 524 
731 3 1 525 
732 3 1 526 
733 3 1 527 
734 3 1 528 
735 3 1 529 
736 3 1 530 
737 3 1 531 
738 3 1 532 
739 3 1 533 
740 3 1 534 
741 3 1 535 
742 3 1 536 
743 3 1 537 
744 3 1 538 
745 3 1 539 
746 3 1 540 
747 3 1 541 
748 3 1 542 
749 3 1 543 
750 3 1 544 
751 3 1 545 
752 3 1 546 
753 3 1 547 
754 3 1 548 
755 3 1 549 
756 3 1 550 
757 3 1 551 
758 3 1 552 
759 3 1 553 
760 3 1 554 
761 3 1 555 
762 3 1 556 
763 3 1 557 
764 3 1 558 
765 3 1 559 
766 3 1 560 
767 3 1 561 
768 3 1 562 
769 3 1 563 
770 3 1 564 
771 3 1 565 
772 3 1 566 
773 3 1 567 
774 3 1 568 
775 3 1 569 
776 3 1 570 
777 3 1 571 
778 3 1 572 
779 3 1 573 
780 3 1 574 
781 3 1 575 
782 3 1 576 
783 3 1 577 
784 3 1 578 
785 3 1 579 
786 3 1 580 
787 3 1 581 
788 3 1 582 
789 3 1 583 
790 3 1 584 
791 3 1 585 
792 3 1 586 
793 3 1 587 
794 3 1 588 
795 3 1 589 
796 3 1 590 
797 3 1 591 
798 3 1 592 
799 3 1 593 
800 3 1 594 
801 3 1 595 
802 3 1 596 
803 3 1 597 
804 3 1 598 
805 3 1 599 
806 3 1 600 
807 3 1 601 
808 3 1 602 
809 3 1 603 
810 3 1 604 
811 3 1 605 
812 3 1 606 
813 3 1 607 
814 3 1 608 
815 3 1 609 
816 3 1 610 
817 3 1 611 
818 3 1 612 
819 3 1 613 
820 3 1 614 
821 3 1 615 
822 3 1 616 
823 3 1 617 
824 3 1 618 
825 3 1 619 
826 3 1 620 
827 3 1 621 
828 3 1 622 
829 3 1 623 
830 3 1 624 
831 3 1 625 
832 3 1 626 
833 3 1 627 
834 3 1 628 
835 3 1 629 
836 3 1 630 
837 3 1 631 
838 3 1 632 
839 3 1 633 
843 3 1 634 
844 3 1 635 
845 3 1 636 
846 3 1 637 
847 3 1 638 
848 3 1 639 
849 3 1 640 
850 3 1 641 
851 3 1 642 
852 3 1 643 
853 3 1 644 
854 3 1 645 
855 3 1 646 
856 3 1 647 
857 3 1 648 
858 3 1 649 
859 3 1 650 
860 3 1 651 
861 3 1 652 
862 3 1 653 
863 3 1 654 
864 3 1 655 
865 3 1 656 
866 3 1 657 
867 3 1 658 
868 3 1 659 
869 3 1 660 
870 3 1 661 
871 3 1 662 
872 3 1 663 
873 3 1 664 
874 3 1 665 
875 3 1 666 
876 3 1 667 
877 3 1 668 
878 3 1 669 
879 3 1 670 
880 3 1 671 
881 3 1 672 
882 3 1 673 
883 3 1 674 
884 3 1 675 
888 3 1 676 
889 3 1 677 
890 3 1 678 
891 3 1 679 
892 3 1 680 
893 3 1 681 
896 3 1 682 
897 3 1 683 
898 3 1 684 
899 3 1 685 
900 3 1 686 
901 3 1 687 
902 3 1 688 
903 3 1 689 
904 3 1 690 
905 3 1 691 
906 3 1 692 
907 3 1 693 
908 3 1 694 
909 3 1 695 
910 3 1 696 
911 3 1 697 
912 3 1 698 
913 3 1 699 
914 3 1 700 
915 3 1 701 
916 3 1 702 
917 3 1 703 
918 3 1 704 
919 3 1 705 
920 3 1 706 
921 3 1 707 
922 3 1 708 
923 3 1 709 
924 3 1 710 
928 3 1 711 
929 3 1 712 
930 3 1 713 
931 3 1 714 
932 3 1 715 
933 3 1 716 
934 3 1 717 
935 3 1 718 
936 3 1 719 
937 3 1 720 
938 3 1 721 
939 3 1 722 
940 3 1 723 
941 3 1 724 
942 3 1 725 
943 3 1 726 
944 3 1 727 
945 3 1 728 
946 3 1 729 
947 3 1 730 
948 3 1 731 
949 3 1 732 
950 3 1 733 
951 3 1 734 
952 3 1 735 
953 3 1 736 
954 3 1 737 
955 3 1 738 
956 3 1 739 
957 3 1 740 
958 3 1 741 
959 3 1 742 
960 3 1 743 
961 3 1 744 
962 3 1 745 
963 3 1 746 
966 3 1 747 
967 3 1 748 
968 3 1 749 
969 3 1 750 
970 3 1 751 
971 3 1 752 
972 3 1 753 
973 3 1 754 
974 3 1 755 
975 3 1 756 
976 3 1 757 
977 3 1 758 
978 3 1 759 
979 3 1 760 
980 3 1 761 
981 3 1 762 
982 3 1 763 
983 3 1 764 
984 3 1 765 
985 3 1 766 
986 3 1 767 
987 3 1 768 
988 3 1 769 
989 3 1 770 
990 3 1 771 
991 3 1 772 
992 3 1 773 
993 3 1 774 
994 3 1 775 
995 3 1 776 
996 3 1 777 
997 3 1 778 
998 3 1 779 
999 3 1 780 
1000 3 1 781 
1001 3 1 782 
1002 3 1 783 
1003 3 1 784 
1004 3 1 785 
1005 3 1 786 
1006 3 1 787 
1007 3 1 788 
1008 3 1 789 
1009 3 1 790 
1010 3 1 791 
1011 3 1 792 
1012 3 1 793 
1013 3 1 794 
1014 3 1 795 
1015 3 1 796 
1016 3 1 797 
1017 3 1 798 
1018 3 1 799 
1019 3 1 800 
1020 3 1 801 
1021 3 1 802 
1022 3 1 803 
1023 3 1 804 
1024 3 1 805 
1025 3 1 806 
1026 3 1 807 
1027 3 1 808 
1028 3 1 809 
1029 3 1 810 
1030 3 1 811 
1031 3 1 812 
1032 3 1 813 
1033 3 1 814 
1034 3 1 815 
1035 3 1 816 
1036 3 1 817 
1037 3 1 818 
1038 3 1 819 
1039 3 1 820 
1040 3 1 821 
1041 3 1 822 
1042 3 1 823 
1043 3 1 824 
1044 3 1 825 
1045 3 1 826 
1046 3 1 827 
1047 3 1 828 
1048 3 1 829 
1049 3 1 830 
1050 3 1 831 
1051 3 1 832 
1052 3 1 833 
1053 3 1 834 
1054 3 1 835 
1055 3 1 836 
1056 3 1 837 
1057 3 1 838 
1058 3 1 839 
1059 3 1 840 
1060 3 1 841 
1061 3 1 842 
1062 3 1 843 
1063 3 1 844 
1064 3 1 845 
1065 3 1 846 
1066 3 1 847 
1067 3 1 848 
1068 3 1 849 
1069 3 1 850 
1070 3 1 851 
1071 3 1 852 
1072 3 1 853 
1073 3 1 854 
1074 3 1 855 
1075 3 1 856 
1076 3 1 857 
1077 3 1 858 
1078 3 1 859 
1079 3 1 860 
1080 3 1 861 
1081 3 1 862 
1082 3 1 863 
1083 3 1 864 
1084 3 1 865 
1085 3 1 866 
1086 3 1 867 
1087 3 1 868 
1088 3 1 869 
1089 3 1 870 
1090 3 1 871 
1091 3 1 872 
1092 3 1 873 
1093 3 1 874 
1094 3 1 875 
1095 3 1 876 
1096 3 1 877 
1097 3 1 878 
1098 3 1 879 
1099 3 1 880 
1100 3 1 881 
1101 3 1 882 
1102 3 1 883 
1103 3 1 884 
1104 3 1 885 
1105 3 1 886 
1106 3 1 887 
1107 3 1 888 
1108 3 1 889 
1109 3 1 890 
1110 3 1 891 
1111 3 1 892 
1112 3 1 893 
1113 3 1 894 
1114 3 1 895 
1115 3 1 896 
1116 3 1 897 
1117 3 1 898 
1118 3 1 899 
1119 3 1 900 
1120 3 1 901 
1121 3 1 902 
1122 3 1 903 
1123 3 1 904 
1124 3 1 905 
1125 3 1 906 
1126 3 1 907 
1127 3 1 908 
1128 3 1 909 
1129 3 1 910 
1130 3 1 911 
1131 3 1 912 
1132 3 1 913 
1133 3 1 914 
1134 3 1 915 
1135 3 1 916 
1136 3 1 917 
1137 3 1 918 
1138 3 1 919 
1139 3 1 920 
1140 3 1 921 
1141 3 1 922 
1142 3 1 923 
1143 3 1 924 
1144 3 1 925 
1145 3 1 926 
1146 3 1 927 
1147 3 1 928 
1148 3 1 929 
1149 3 1 930 
1150 3 1 931 
1151 3 1 932 
1152 3 1 933 
1153 3 1 934 
1154 3 1 935 
1155 3 1 936 
1156 3 1 937 
1157 3 1 938 
1158 3 1 939 
1159 3 1 940 
1160 3 1 941 
1161 3 1 942 
1162 3 1 943 
1163 3 1 944 
1164 3 1 945 
1165 3 1 946 
1166 3 1 947 
1167 3 1 948 
1168 3 1 949 
1169 3 1 950 
1170 3 1 951 
1171 3 1 952 
1172 3 1 953 
1173 3 1 954 
1174 3 1 955 
1175 3 1 956 
1176 3 1 957 
1177 3 1 958 
1178 3 1 959 
1179 3 1 960 
1180 3 1 961 
1181 3 1 962 
1182 3 1 963 
1183 3 1 964 
1184 3 1 965 
1185 3 1 966 
1186 3 1 967 
1187 3 1 968 
1188 3 1 969 
>>>>>>> 0514ea9fae0f841576757defb02235a9189b0fad
